ID	a_o	denomina	grupo	grado	avol	atot	acfi	ph	folin	somers	srv	procian	acrg	acse	achplc	ic	ic2	tono	iim	eq1	vla
v1	1	1	1	12.80	1.20	6.70	5.20	3.70	"2,827.00"	50.80	811.00	"3,794.00"	386.00	287.00	181.00	7.81	8.95	0.72	18.40	0.49	0.21
v2	1	1	1	12.80	0.75	6.90	6.00	3.50	"1,818.00"	37.80	968.00	"1,736.00"	144.00	141.00	69.00	4.88	5.55	0.76	23.60	0.48	0.56
v3	1	1	1	12.50	1.00	7.20	6.00	3.60	"1,459.00"	35.10	866.00	"2,306.00"	225.00	132.00	78.00	5.52	6.35	0.46	36.80	0.60	0.38
v4	1	1	1	11.90	0.70	7.70	6.80	3.30	"2,054.00"	32.10	978.00	"3,420.00"	204.00	110.00	84.00	4.64	5.15	0.68	36.40	0.42	0.29
v5	1	1	1	12.50	0.95	7.70	6.30	3.60	"2,930.00"	49.60	"1,128.00"	"3,158.00"	214.00	148.00	75.00	6.99	7.87	0.67	34.20	0.45	0.36
v6	1	1	1	12.10	0.50	5.80	5.20	3.20	"1,906.00"	30.60	875.00	"2,931.00"	167.00	95.00	74.00	3.98	4.36	0.72	38.10	0.43	0.30
v7	1	1	1	12.20	0.80	5.90	4.90	3.40	"2,071.00"	35.60	754.00	"3,101.00"	252.00	160.00	101.00	7.60	8.84	0.72	28.50	0.50	0.24
v8	1	1	1	12.60	0.40	5.40	4.90	3.30	"1,996.00"	30.60	"1,202.00"	"3,001.00"	315.00	124.00	101.00	6.15	7.11	0.74	27.70	0.57	0.40
v9	1	1	1	13.00	0.40	4.60	4.10	3.60	"2,687.00"	41.70	"1,354.00"	"4,785.00"	293.00	170.00	137.00	6.60	7.85	0.93	21.60	0.56	0.28
v10	1	1	1	12.40	0.35	5.50	5.00	3.30	"2,468.00"	30.00	739.00	"2,800.00"	152.00	67.00	56.00	5.49	6.23	0.75	30.30	0.69	0.26
v11	1	1	1	12.60	0.35	5.60	5.20	3.30	"1,965.00"	30.40	839.00	"2,878.00"	144.00	78.00	61.00	5.25	5.96	0.76	33.60	0.58	0.29
v12	1	1	1	12.20	0.40	4.80	4.40	3.50	"1,731.00"	28.40	770.00	"2,649.00"	193.00	107.00	75.00	5.86	6.65	0.77	25.60	0.61	0.29
v13	1	1	1	12.80	0.40	5.20	4.70	3.50	"1,827.00"	29.00	960.00	"2,746.00"	179.00	101.00	65.00	5.77	6.65	0.75	29.20	0.61	0.35
v14	1	1	1	13.00	0.60	5.30	4.50	3.60	"2,110.00"	38.90	489.00	"2,587.00"	358.00	238.00	172.00	6.29	6.97	0.68	22.80	0.41	0.19
v15	2	1	2	12.30	0.40	4.50	4.10	3.70	925.00	20.80	615.00	"1,792.00"	231.00	177.00	168.00	1.95	2.11	0.89	22.40	0.23	0.34
v16	2	1	2	11.30	0.30	4.70	4.30	3.70	"1,637.00"	30.00	881.00	"2,386.00"	254.00	189.00	154.00	3.68	4.19	0.86	21.30	0.27	0.37
v17	2	1	2	10.80	0.30	4.80	4.40	3.70	"1,103.00"	21.90	658.00	"1,906.00"	158.00	120.00	89.00	2.20	2.44	0.88	20.70	0.32	0.35
v18	2	1	2	11.20	0.40	4.40	3.90	3.70	"1,528.00"	28.20	735.00	"2,188.00"	275.00	203.00	146.00	4.05	4.57	0.67	17.80	0.38	0.34
v19	2	1	2	11.90	0.35	4.30	3.90	3.60	"1,468.00"	24.80	666.00	"1,889.00"	222.00	169.00	132.00	3.31	3.74	0.71	16.90	0.38	0.35
v20	2	1	2	11.50	0.40	4.40	3.90	3.60	"1,462.00"	25.70	612.00	"1,877.00"	236.00	178.00	130.00	3.98	4.46	0.67	19.20	0.37	0.33
v21	2	1	2	11.70	0.25	5.70	5.40	3.70	"1,887.00"	33.70	830.00	"2,634.00"	290.00	223.00	186.00	3.17	3.53	0.70	22.80	0.26	0.32
v22	2	1	2	11.60	0.65	4.50	3.70	3.80	"2,071.00"	32.10	906.00	"2,598.00"	242.00	187.00	146.00	2.63	2.99	0.74	20.60	0.28	0.35
v23	2	1	2	12.40	0.40	4.80	4.30	3.70	"2,074.00"	35.90	770.00	"2,702.00"	220.00	167.00	101.00	5.34	6.01	0.63	26.10	0.44	0.29
v24	2	1	2	11.40	0.55	4.60	3.90	3.70	"1,481.00"	27.50	726.00	"2,046.00"	273.00	186.00	154.00	2.09	2.32	0.69	19.70	0.25	0.35
v25	2	1	2	12.00	0.50	4.80	4.20	3.60	"1,359.00"	22.00	543.00	"1,771.00"	184.00	111.00	87.00	3.46	3.96	0.64	24.70	0.38	0.31
v26	2	1	2	12.70	0.35	4.30	3.90	3.60	"1,981.00"	28.60	853.00	"2,506.00"	270.00	212.00	156.00	3.09	3.42	0.72	19.50	0.27	0.34
v27	2	1	2	11.90	0.55	4.50	3.80	3.60	"1,890.00"	29.50	748.00	"2,570.00"	309.00	230.00	179.00	2.82	3.04	0.64	22.20	0.27	0.29
v28	2	1	2	11.90	0.55	4.60	3.90	3.60	"1,706.00"	32.20	659.00	"2,282.00"	248.00	189.00	149.00	2.12	2.23	0.63	21.20	0.22	0.29
v29	2	1	2	12.70	0.80	5.60	4.60	3.80	"1,503.00"	24.20	637.00	"2,036.00"	384.00	200.00	159.00	3.83	4.31	0.68	18.00	0.40	0.31
v30	2	1	2	12.20	0.40	4.00	3.50	3.80	"1,778.00"	25.20	670.00	"2,871.00"	263.00	189.00	139.00	4.20	4.81	0.69	17.10	0.47	0.23
v31	2	1	2	12.40	0.60	5.20	4.50	3.50	"2,000.00"	29.20	756.00	"2,298.00"	289.00	199.00	160.00	5.13	5.74	0.61	24.90	0.39	0.33
v32	2	1	2	12.70	0.50	5.10	4.50	3.60	"1,444.00"	23.90	606.00	"2,086.00"	232.00	166.00	115.00	4.45	4.93	0.61	24.10	0.41	0.29
v33	2	1	2	12.60	0.35	5.10	4.70	3.60	"1,706.00"	27.80	652.00	"2,509.00"	300.00	205.00	163.00	4.23	4.62	0.58	22.80	0.38	0.26
v34	2	1	2	11.20	0.35	4.80	4.30	3.60	"1,515.00"	20.00	528.00	"1,910.00"	258.00	168.00	136.00	3.98	4.34	0.56	22.10	0.43	0.28
v35	1	2	3	13.00	1.60	6.80	4.80	3.80	"2,153.00"	38.40	716.00	"2,547.00"	166.00	122.00	44.00	5.34	6.06	0.77	14.70	0.67	0.28
v36	1	2	3	14.00	0.40	4.40	3.90	3.40	"2,481.00"	44.30	"1,313.00"	"3,392.00"	288.00	197.00	146.00	5.76	6.64	0.93	16.70	0.56	0.39
v37	1	2	3	13.20	0.55	4.70	4.00	3.60	"1,665.00"	38.00	834.00	"2,956.00"	206.00	204.00	82.00	5.15	5.85	0.79	14.20	0.55	0.28
v38	1	2	3	13.40	1.10	4.90	3.50	3.60	"3,152.00"	56.20	"1,561.00"	"5,082.00"	244.00	174.00	90.00	7.91	9.12	0.75	21.20	0.63	0.31
v39	1	2	3	13.20	0.65	4.90	4.10	3.60	"3,109.00"	54.20	"1,355.00"	"4,536.00"	280.00	189.00	115.00	7.88	9.30	0.83	16.10	0.62	0.30
v40	1	2	3	13.90	0.80	4.60	3.60	3.70	"1,975.00"	33.90	544.00	"2,390.00"	254.00	182.00	113.00	4.42	5.02	0.82	18.60	0.44	0.23
v41	2	2	4	14.00	0.60	4.10	3.40	3.40	"2,334.00"	47.30	"1,210.00"	"3,422.00"	354.00	253.00	183.00	6.58	7.74	0.79	17.20	0.50	0.35
v42	2	2	4	13.90	0.30	4.70	4.30	3.60	"1,915.00"	39.80	"1,128.00"	"2,970.00"	229.00	188.00	89.00	5.00	5.67	0.72	18.30	0.45	0.38
v43	2	2	4	12.10	0.70	5.50	4.60	3.40	"2,171.00"	35.90	"1,177.00"	"3,313.00"	280.00	202.00	130.00	6.04	6.81	0.66	26.40	0.40	0.36
v44	2	2	4	13.90	0.40	3.80	3.30	3.90	"2,668.00"	47.10	"1,270.00"	"2,922.00"	345.00	268.00	148.00	7.07	8.37	0.86	12.90	0.53	0.43
v45	2	2	4	12.30	0.65	4.80	4.00	3.60	"3,071.00"	51.60	"1,496.00"	"4,600.00"	388.00	267.00	180.00	7.01	8.26	0.85	23.00	0.43	0.33