
                    Contribuciones de las filas segun el primer cubo en el compromiso

Axis	1	2	3	4	5	6	7
"ALB"	487	28	121	167	9	81	107
"DZA"	100	681	103	58	52	2	5
"AGO"	776	15	43	3	20	1	140
"ARG"	238	52	164	240	26	129	151
"ARM"	503	30	165	187	0	43	72
"AUS"	798	15	142	14	1	22	8
"AUT"	902	12	39	24	3	10	10
"AZE"	71	395	4	275	66	49	139
"BGD"	167	165	9	315	4	68	274
"BLR"	454	63	108	254	81	0	40
"BEL"	889	0	50	47	0	1	13
"BEN"	806	1	151	6	2	0	35
"BTN"	340	2	200	25	5	39	389
"BOL"	362	246	47	71	0	247	27
"BIH"	10	80	84	115	32	14	666
"BWA"	163	320	4	70	222	41	180
"BRA"	58	214	141	419	5	54	108
"BGR"	488	152	308	4	1	42	5
"BFA"	830	1	92	0	30	10	35
"BDI"	403	298	158	37	38	21	46
"KHM"	576	7	15	219	48	34	101
"CMR"	919	35	25	0	2	9	9
"CAN"	887	24	81	2	6	0	0
"CAF"	894	26	38	0	24	4	14
"TCD"	970	4	18	1	3	0	4
"CHL"	329	178	3	337	13	12	129
"CHN"	59	286	543	66	6	1	37
"COL"	3	160	236	298	1	116	186
"COG"	936	2	12	0	3	31	14
"COD"	818	30	24	33	91	3	1
"CRI"	208	128	30	420	27	32	156
"CIV"	725	3	12	89	10	0	161
"HRV"	780	0	59	83	1	46	31
"CUB"	319	58	449	54	59	25	36
"CYP"	787	55	97	2	21	17	20
"CZE"	797	14	5	111	0	31	43
"DNK"	878	63	45	14	0	0	0
"DOM"	2	68	214	250	36	93	337
"ECU"	14	33	177	301	3	225	248
"EGY"	186	738	11	29	1	5	30
"SLV"	3	443	448	55	2	0	49
"EST"	864	80	17	25	1	13	0
"ETH"	747	37	76	117	0	5	18
"FIN"	775	16	85	102	1	2	20
"FRA"	949	5	22	13	0	0	10
"GAB"	690	7	33	114	71	35	50
"GMB"	558	29	62	249	28	9	64
"GEO"	281	142	524	0	7	42	5
"DEU"	899	48	4	36	0	7	6
"GHA"	713	100	88	40	3	1	54
"GRC"	832	59	83	8	6	8	4
"GTM"	385	16	28	397	45	66	63
"GIN"	886	12	15	17	1	4	64
"GNB"	954	33	0	6	2	5	0
"GUY"	27	175	585	38	14	8	152
"HTI"	769	90	59	6	23	25	28
"HND"	84	33	173	412	22	75	200
"HUN"	833	0	7	106	2	32	19
"ISL"	787	0	143	52	0	1	16
"IND"	331	0	23	218	7	10	410
"IDN"	98	71	1	444	19	5	361
"IRN"	117	303	506	65	0	8	0
"IRQ"	53	819	18	76	11	22	1
"IRL"	739	13	215	7	2	16	7
"ISR"	424	5	7	360	3	105	96
"ITA"	904	21	40	29	0	3	3
"JAM"	211	262	407	78	4	0	37
"JPN"	935	25	2	1	7	18	13
"JOR"	131	565	244	31	1	25	3
"KAZ"	410	327	0	198	59	0	6
"KEN"	877	33	17	24	2	14	33
"PRK"	3	87	364	329	59	151	7
"KOR"	949	5	1	24	9	1	12
"KWT"	141	495	294	31	3	33	3
"KGZ"	201	527	32	201	33	5	0
"LAO"	635	73	2	253	6	30	0
"LVA"	576	229	130	34	11	15	4
"LBN"	5	713	108	89	5	65	15
"LSO"	533	398	33	3	4	17	12
"LBR"	872	1	50	26	1	37	12
"LBY"	320	324	127	18	174	25	12
"LTU"	627	186	104	43	20	20	0
"LUX"	614	11	293	6	54	14	7
"MKD"	355	53	432	94	12	49	5
"MDG"	851	7	107	15	8	10	2
"MWI"	818	0	128	0	5	25	24
"MYS"	179	2	7	597	60	1	152
"MLI"	672	41	175	1	7	50	53
"MLT"	837	40	0	55	38	24	5
"MRT"	806	32	71	2	22	61	6
"MUS"	860	7	8	12	28	76	9
"MEX"	30	59	133	677	3	15	84
"MDA"	183	1	185	249	54	185	144
"MNG"	176	1	97	642	62	22	0
"MNE"	717	25	44	124	9	23	59
"MAR"	10	35	295	201	0	436	22
"MOZ"	877	31	64	0	1	0	27
"MMR"	245	0	575	19	26	23	111
"NAM"	475	370	1	11	76	54	14
"NPL"	376	0	21	143	31	0	429
"NLD"	881	32	44	34	0	0	9
"NZL"	743	107	67	35	2	15	30
"NIC"	343	174	287	35	31	43	86
"NER"	752	23	117	3	2	53	51
"NGA"	912	4	15	8	45	12	4
"NOR"	781	3	145	56	0	1	15
"OMN"	119	487	296	48	31	5	13
"PAK"	254	330	4	132	71	36	174
"PAN"	14	196	29	440	65	151	104
"PNG"	794	19	12	36	46	92	1
"PRY"	20	20	291	416	12	41	199
"PER"	24	234	168	275	1	109	189
"PHL"	130	31	78	2	2	597	160
"POL"	865	11	12	67	5	21	19
"PRT"	875	98	20	2	0	0	4
"QAT"	28	108	150	531	92	9	81
"ROU"	436	23	107	204	28	58	143
"RUS"	118	132	628	2	112	2	6
"RWA"	615	17	2	16	79	49	221
"SAU"	185	647	84	51	0	21	12
"SEN"	741	29	142	28	33	24	4
"SRB"	600	24	122	146	6	50	51
"SLE"	823	5	66	78	0	18	10
"SGP"	370	23	134	295	10	89	80
"SVK"	758	12	0	116	1	69	43
"SVN"	804	7	12	127	4	5	41
"ZAF"	77	472	5	216	13	0	217
"ESP"	852	36	2	46	1	41	23
"LKA"	333	36	245	195	124	30	37
"SDN"	744	49	7	1	72	53	73
"SWE"	812	6	97	64	0	3	18
"CHE"	856	13	99	0	18	9	4
"SYR"	83	717	149	13	8	27	3
"TWN"	974	9	1	9	3	3	1
"TJK"	14	604	0	215	28	17	121
"TZA"	821	0	142	30	0	2	4
"THA"	582	2	373	2	23	6	12
"TGO"	919	10	35	1	25	8	3
"TTO"	360	41	303	8	114	100	74
"TUN"	752	76	116	29	4	15	7
"TUR"	492	40	55	327	1	11	73
"TKM"	357	57	159	7	273	145	1
"UGA"	840	3	116	0	1	38	1
"UKR"	484	48	83	281	57	10	37
"ARE"	150	390	292	99	68	1	0
"GBR"	927	36	30	0	5	2	0
"USA"	548	176	0	150	3	13	110
"URY"	531	196	91	114	1	0	67
"UZB"	71	720	137	8	6	0	58
"VEN"	7	3	291	364	16	110	209
"VNM"	44	19	517	42	127	7	244
"YEM"	662	276	39	18	0	4	0
"ZMB"	671	20	22	7	46	59	176
"ZWE"	799	24	110	6	23	2	36

----------------------------------------------------------------------------------------------------


                    Contribuciones de las columnas del primer cubo en el compromiso

Axis	1	2	3	4	5	6	7
"SF"	993	1	1	3	1	0	0
"SD"	997	0	2	0	0	0	0
"SS"	987	12	0	0	0	0	0
"Ed"	988	10	1	0	0	0	0
"HL"	998	0	1	1	0	0	0
"GE"	617	353	15	14	1	0	0
"ID"	889	92	14	5	0	0	0
"PG"	906	55	39	1	0	0	0
"GG"	909	58	33	0	0	0	0

----------------------------------------------------------------------------------------------------


                    Contribuciones de las filas segun el segundo cubo en el compromiso

Axis	1	2	3	4	5	6	7
"ALB"	541	6	381	7	35	30	0
"DZA"	0	529	212	162	52	5	40
"AGO"	829	0	29	32	82	10	18
"ARG"	307	131	181	72	222	76	12
"ARM"	25	114	466	162	184	22	26
"AUS"	834	78	55	3	28	1	1
"AUT"	739	122	87	7	3	33	9
"AZE"	31	402	395	0	151	20	0
"BGD"	437	31	350	19	132	5	26
"BLR"	754	122	23	3	87	0	11
"BEL"	872	2	108	4	3	9	2
"BEN"	867	17	54	0	16	17	29
"BTN"	127	356	7	386	53	66	6
"BOL"	82	167	221	121	137	8	265
"BIH"	64	1	300	0	566	67	2
"BWA"	127	160	637	1	0	69	6
"BRA"	139	350	15	273	154	54	14
"BGR"	598	9	14	21	332	24	2
"BFA"	903	17	66	4	3	1	5
"BDI"	911	13	38	33	3	1	1
"KHM"	957	15	0	27	0	0	0
"CMR"	795	2	24	108	14	19	38
"CAN"	766	82	85	8	57	1	2
"CAF"	799	91	62	0	44	0	3
"TCD"	808	84	82	2	9	7	9
"CHL"	145	355	12	294	135	58	2
"CHN"	140	6	322	41	71	307	113
"COL"	342	41	500	7	11	86	12
"COG"	741	41	51	14	3	57	92
"COD"	897	13	41	5	8	26	10
"CRI"	303	274	7	109	246	8	54
"CIV"	783	71	2	14	31	40	58
"HRV"	337	464	68	10	70	45	7
"CUB"	54	75	555	158	105	26	27
"CYP"	777	24	10	73	4	9	103
"CZE"	902	41	45	1	5	6	0
"DNK"	694	171	82	2	5	4	43
"DOM"	42	13	279	19	637	6	4
"ECU"	110	16	858	6	4	6	0
"EGY"	0	616	56	204	114	8	2
"SLV"	687	9	0	67	142	59	35
"EST"	817	68	32	40	20	16	8
"ETH"	847	31	92	3	20	6	2
"FIN"	732	35	119	69	18	23	5
"FRA"	653	105	39	5	82	101	15
"GAB"	181	253	273	3	51	2	238
"GMB"	905	22	41	26	3	0	2
"GEO"	464	1	435	25	36	2	37
"DEU"	896	23	40	14	15	11	1
"GHA"	657	159	7	21	103	38	15
"GRC"	712	79	2	3	122	6	76
"GTM"	916	42	2	1	26	1	12
"GIN"	846	71	64	1	10	2	5
"GNB"	833	58	77	0	5	11	15
"GUY"	636	47	104	29	134	43	6
"HTI"	800	8	0	49	112	21	9
"HND"	754	33	122	5	67	1	18
"HUN"	651	95	69	101	35	45	5
"ISL"	95	165	529	15	96	27	73
"IND"	331	246	311	22	5	24	61
"IDN"	482	21	251	91	150	4	0
"IRN"	309	537	8	31	0	80	36
"IRQ"	0	917	75	1	1	2	4
"IRL"	649	34	23	62	90	11	131
"ISR"	540	243	36	74	77	20	11
"ITA"	695	16	30	10	213	5	31
"JAM"	1	1	288	254	375	11	70
"JPN"	802	0	20	81	56	39	1
"JOR"	8	877	31	77	0	5	2
"KAZ"	681	18	1	45	119	97	39
"KEN"	796	57	25	0	89	19	14
"PRK"	55	156	176	379	67	45	121
"KOR"	781	69	21	0	18	59	51
"KWT"	553	336	74	4	16	10	8
"KGZ"	401	133	198	108	113	7	39
"LAO"	469	130	111	44	227	3	16
"LVA"	85	542	7	315	6	39	7
"LBN"	181	194	404	0	33	52	134
"LSO"	797	79	56	0	66	0	1
"LBR"	835	5	45	35	62	4	12
"LBY"	277	684	21	0	8	0	10
"LTU"	368	290	0	93	21	226	2
"LUX"	821	117	56	3	0	1	1
"MKD"	132	26	643	26	117	1	54
"MDG"	913	5	50	25	3	0	5
"MWI"	918	0	39	36	4	2	1
"MYS"	578	173	66	18	26	107	34
"MLI"	833	18	79	2	34	15	19
"MLT"	526	153	1	181	103	3	34
"MRT"	619	2	110	5	160	58	47
"MUS"	22	238	367	49	293	22	8
"MEX"	181	38	691	25	37	15	13
"MDA"	54	19	831	35	14	44	2
"MNG"	236	272	106	346	28	0	12
"MNE"	23	363	0	0	613	0	1
"MAR"	54	94	388	214	225	0	24
"MOZ"	894	12	54	27	0	12	2
"MMR"	726	0	2	6	250	10	6
"NAM"	177	155	523	109	3	22	11
"NPL"	913	17	30	3	10	19	8
"NLD"	883	44	51	11	7	3	1
"NZL"	579	215	195	3	2	0	6
"NIC"	915	35	36	7	5	1	1
"NER"	767	122	32	41	26	5	6
"NGA"	783	1	35	44	137	0	0
"NOR"	490	157	278	1	64	1	10
"OMN"	503	369	45	11	48	12	11
"PAK"	217	718	12	11	36	6	0
"PAN"	129	155	655	25	23	13	0
"PNG"	599	22	99	12	218	43	7
"PRY"	387	165	246	99	65	25	13
"PER"	224	157	448	146	0	16	10
"PHL"	635	12	78	23	217	21	14
"POL"	809	21	3	13	65	67	22
"PRT"	339	0	2	123	158	175	202
"QAT"	511	392	80	1	16	0	0
"ROU"	157	19	271	178	191	89	95
"RUS"	686	7	8	62	205	19	12
"RWA"	906	12	33	42	4	2	1
"SAU"	460	399	29	13	9	43	47
"SEN"	745	35	88	1	130	1	1
"SRB"	407	0	111	275	105	40	62
"SLE"	858	8	46	34	41	3	10
"SGP"	748	112	56	41	39	1	3
"SVK"	724	109	0	109	57	1	0
"SVN"	807	91	4	50	17	26	5
"ZAF"	619	1	34	129	0	216	0
"ESP"	801	5	29	1	97	27	41
"LKA"	737	16	19	29	165	10	25
"SDN"	338	378	98	78	11	63	33
"SWE"	422	222	196	0	0	114	46
"CHE"	678	90	15	172	14	25	7
"SYR"	1	890	32	4	1	43	29
"TWN"	911	8	49	6	0	11	14
"TJK"	563	352	7	0	58	10	9
"TZA"	825	57	52	10	31	13	12
"THA"	4	4	459	58	55	125	295
"TGO"	900	32	19	12	21	11	5
"TTO"	660	5	0	57	5	161	112
"TUN"	14	626	237	91	1	31	0
"TUR"	16	139	391	1	452	0	0
"TKM"	448	399	27	23	37	34	33
"UGA"	794	91	69	1	40	1	4
"UKR"	468	18	23	360	112	1	18
"ARE"	521	308	132	0	6	16	17
"GBR"	765	86	21	44	32	2	51
"USA"	875	30	79	7	2	3	4
"URY"	59	121	9	201	509	98	2
"UZB"	12	20	144	645	1	64	112
"VEN"	585	156	109	39	68	43	1
"VNM"	599	1	373	0	15	9	2
"YEM"	48	819	69	9	1	43	12
"ZMB"	802	42	58	10	58	18	13
"ZWE"	806	1	55	12	124	1	1

----------------------------------------------------------------------------------------------------


                    Contribuciones de las columnas del segundo cubo en el compromiso

Axis	1	2	3	4	5	6	7
"Bd"	674	310	0	5	11	0	0
"RW"	317	659	19	4	0	0	0
"Cs"	937	51	9	4	0	0	0
"EU"	994	0	6	0	0	0	0
"ES"	647	14	273	58	6	1	1
"Gr"	999	0	1	0	0	0	0
"RE"	979	1	20	0	0	0	0

----------------------------------------------------------------------------------------------------


                    Contribuciones de las filas segun el primer cubo en todas las repeticiones

Axis	1	2	3	4	5	6	7
"ALB"	402	36	177	122	2	126	134
"DZA"	194	394	340	67	2	0	3
"AGO"	798	0	11	10	4	14	162
"ARG"	198	48	162	309	22	127	135
"ARM"	489	0	389	60	9	40	13
"AUS"	844	24	96	12	0	19	4
"AUT"	884	1	56	23	4	12	19
"AZE"	60	240	0	351	120	55	174
"BGD"	262	237	0	200	0	40	260
"BLR"	457	49	128	246	82	0	38
"BEL"	932	3	25	27	0	2	11
"BEN"	752	3	201	0	0	0	44
"BTN"	420	32	260	49	12	36	190
"BOL"	386	226	16	45	0	302	25
"BIH"	5	98	52	73	41	4	727
"BWA"	147	433	0	9	204	15	192
"BRA"	51	157	76	522	10	90	94
"BGR"	584	54	209	39	1	72	41
"BFA"	847	0	59	2	40	37	15
"BDI"	424	334	87	27	15	61	51
"KHM"	660	1	23	177	64	27	47
"CMR"	900	40	30	0	2	8	20
"CAN"	904	24	61	6	3	1	0
"CAF"	897	19	39	9	21	7	8
"TCD"	936	14	36	8	3	3	1
"CHL"	314	165	1	389	13	10	108
"CHN"	159	274	401	28	4	1	134
"COL"	0	85	253	412	0	111	139
"COG"	960	20	1	3	3	11	3
"COD"	813	34	19	37	91	5	1
"CRI"	184	81	17	503	40	37	138
"CIV"	684	1	39	48	3	0	225
"HRV"	753	18	12	101	0	59	57
"CUB"	323	26	486	68	63	18	16
"CYP"	656	149	148	2	12	2	31
"CZE"	814	9	1	86	0	47	43
"DNK"	845	12	63	64	0	2	14
"DOM"	12	61	161	187	67	174	338
"ECU"	27	41	145	312	0	265	211
"EGY"	236	645	20	29	2	9	60
"SLV"	1	461	301	138	5	9	85
"EST"	857	74	32	21	2	13	0
"ETH"	663	57	90	153	1	16	19
"FIN"	802	17	76	83	1	2	20
"FRA"	921	1	39	13	1	1	24
"GAB"	629	8	51	121	113	36	43
"GMB"	502	28	86	228	42	19	96
"GEO"	299	55	613	1	0	23	8
"DEU"	920	77	1	2	0	0	0
"GHA"	794	58	72	30	0	1	44
"GRC"	962	21	12	3	1	1	2
"GTM"	438	4	7	410	46	46	48
"GIN"	926	6	0	9	1	25	33
"GNB"	948	9	5	20	12	0	7
"GUY"	112	187	588	2	1	11	99
"HTI"	764	54	79	7	21	53	22
"HND"	139	33	74	452	15	127	160
"HUN"	847	0	1	95	1	35	20
"ISL"	804	0	139	35	0	0	22
"IND"	364	5	46	196	13	14	362
"IDN"	117	125	0	420	7	1	329
"IRN"	121	356	402	63	22	13	22
"IRQ"	57	811	2	93	1	32	5
"IRL"	668	1	289	4	1	34	3
"ISR"	504	0	6	309	1	110	69
"ITA"	942	11	22	25	1	0	0
"JAM"	291	218	369	90	0	5	27
"JPN"	955	11	1	0	6	11	17
"JOR"	392	404	131	37	0	29	7
"KAZ"	458	187	104	213	22	14	1
"KEN"	886	29	17	8	0	7	53
"PRK"	1	73	340	274	31	238	44
"KOR"	954	5	0	18	13	1	9
"KWT"	189	347	298	92	4	55	14
"KGZ"	278	376	91	177	59	0	19
"LAO"	604	18	1	323	23	17	15
"LVA"	644	144	90	69	23	10	19
"LBN"	14	530	280	59	20	97	1
"LSO"	486	422	44	0	10	23	14
"LBR"	873	0	0	84	1	32	10
"LBY"	230	364	4	0	292	29	82
"LTU"	686	122	64	74	34	17	2
"LUX"	730	8	166	2	36	34	26
"MKD"	541	0	390	15	1	42	10
"MDG"	821	10	153	8	1	6	0
"MWI"	766	4	130	81	0	1	17
"MYS"	212	1	1	616	33	4	134
"MLI"	742	9	152	4	0	82	11
"MLT"	395	156	30	307	25	0	87
"MRT"	780	19	141	10	16	33	1
"MUS"	855	2	1	8	58	61	16
"MEX"	32	127	129	612	12	17	72
"MDA"	183	3	345	154	99	130	85
"MNG"	159	26	31	768	10	5	0
"MNE"	593	79	41	119	4	52	111
"MAR"	13	0	250	75	4	583	75
"MOZ"	888	19	64	1	1	0	27
"MMR"	361	1	481	0	57	1	99
"NAM"	440	511	5	5	7	14	18
"NPL"	726	10	47	5	2	0	211
"NLD"	910	52	34	3	0	0	1
"NZL"	705	45	139	52	2	34	23
"NIC"	593	65	117	102	57	51	15
"NER"	867	1	65	13	0	51	3
"NGA"	870	14	14	1	74	18	8
"NOR"	878	31	63	20	1	2	5
"OMN"	179	386	300	41	74	0	19
"PAK"	352	221	3	98	86	38	202
"PAN"	20	166	18	342	104	246	104
"PNG"	788	11	21	45	59	76	1
"PRY"	75	9	179	468	4	83	182
"PER"	50	234	171	192	0	163	189
"PHL"	170	0	2	42	1	679	107
"POL"	865	20	47	23	7	17	21
"PRT"	857	99	3	28	2	1	9
"QAT"	173	360	289	121	13	39	5
"ROU"	360	7	108	222	31	111	162
"RUS"	180	131	549	10	127	1	2
"RWA"	666	17	30	0	91	10	185
"SAU"	102	649	99	111	1	29	10
"SEN"	721	17	138	2	73	46	3
"SRB"	625	34	196	70	6	36	33
"SLE"	866	7	85	39	1	1	1
"SGP"	652	132	0	156	7	12	41
"SVK"	762	14	1	96	2	76	47
"SVN"	925	0	1	51	2	4	17
"ZAF"	42	548	3	160	34	0	213
"ESP"	807	3	115	28	0	44	4
"LKA"	311	2	253	184	120	79	51
"SDN"	716	72	25	0	53	52	81
"SWE"	824	9	68	74	0	2	23
"CHE"	892	28	48	3	18	9	2
"SYR"	106	861	0	14	13	3	2
"TWN"	986	2	1	3	1	6	1
"TJK"	14	507	3	255	23	26	173
"TZA"	840	4	105	46	0	4	1
"THA"	573	3	189	35	126	1	72
"TGO"	919	0	45	7	18	6	6
"TTO"	442	43	241	19	122	60	74
"TUN"	791	8	89	86	10	11	6
"TUR"	365	33	95	439	3	0	64
"TKM"	315	50	251	16	263	100	5
"UGA"	812	3	133	0	19	32	0
"UKR"	515	24	151	218	52	15	25
"ARE"	176	320	323	125	16	36	3
"GBR"	896	79	9	9	2	0	4
"USA"	620	131	0	150	3	13	83
"URY"	460	193	145	133	1	4	64
"UZB"	149	434	276	69	9	20	43
"VEN"	1	10	237	413	5	125	208
"VNM"	130	38	128	282	17	0	404
"YEM"	660	252	67	19	1	0	1
"ZMB"	720	22	6	1	39	14	198
"ZWE"	595	57	220	43	30	1	53
"ALB"	408	32	176	136	3	110	135
"DZA"	186	519	244	44	4	1	2
"AGO"	801	3	25	6	8	4	152
"ARG"	214	77	147	281	17	109	155
"ARM"	494	16	205	169	0	50	66
"AUS"	870	26	78	6	0	15	4
"AUT"	875	2	53	34	3	12	20
"AZE"	68	293	0	323	97	50	168
"BGD"	200	180	5	273	1	65	275
"BLR"	448	46	165	222	84	0	35
"BEL"	891	0	38	50	0	2	19
"BEN"	767	1	191	3	0	0	37
"BTN"	370	5	298	35	2	18	272
"BOL"	368	232	30	45	0	297	27
"BIH"	6	70	68	106	39	8	703
"BWA"	158	371	0	30	232	34	174
"BRA"	51	177	133	463	9	72	95
"BGR"	361	227	362	12	0	38	1
"BFA"	837	1	82	1	35	21	24
"BDI"	394	291	163	35	23	47	48
"KHM"	771	6	1	100	66	23	33
"CMR"	899	43	24	0	1	23	10
"CAN"	908	23	62	2	4	0	0
"CAF"	878	36	42	0	21	7	16
"TCD"	958	12	18	3	4	2	2
"CHL"	330	177	3	351	12	11	116
"CHN"	120	267	487	41	12	0	72
"COL"	3	128	223	355	1	127	163
"COG"	951	3	5	3	7	27	4
"COD"	820	31	23	35	82	8	0
"CRI"	182	94	33	482	38	28	143
"CIV"	692	3	34	68	5	1	197
"HRV"	801	8	35	75	0	43	38
"CUB"	335	54	398	49	85	50	29
"CYP"	715	91	131	4	19	12	28
"CZE"	801	15	4	99	0	36	45
"DNK"	856	21	59	54	0	2	8
"DOM"	3	84	169	267	47	133	297
"ECU"	27	33	182	264	2	268	223
"EGY"	220	677	4	37	2	12	48
"SLV"	3	478	416	52	2	2	46
"EST"	849	78	23	32	2	17	0
"ETH"	707	48	82	134	0	10	19
"FIN"	792	16	76	93	1	1	19
"FRA"	901	0	42	34	0	0	22
"GAB"	670	3	26	106	104	40	50
"GMB"	547	32	64	212	40	20	85
"GEO"	318	84	558	0	0	37	3
"DEU"	901	92	0	3	0	2	0
"GHA"	736	83	100	35	0	0	46
"GRC"	916	42	21	5	5	10	1
"GTM"	422	6	17	419	57	36	43
"GIN"	941	1	0	9	1	5	43
"GNB"	953	39	1	1	5	2	0
"GUY"	319	6	401	243	16	14	1
"HTI"	757	92	52	7	30	37	26
"HND"	122	37	118	406	14	119	184
"HUN"	831	0	0	119	2	27	21
"ISL"	693	3	279	6	1	11	6
"IND"	330	1	45	191	19	30	385
"IDN"	145	91	0	427	0	7	329
"IRN"	64	281	565	62	16	9	2
"IRQ"	54	787	1	131	4	20	2
"IRL"	471	8	465	3	0	49	3
"ISR"	501	5	4	319	2	90	79
"ITA"	955	10	20	12	0	3	0
"JAM"	270	243	372	82	1	2	30
"JPN"	946	18	1	0	7	13	16
"JOR"	134	513	263	34	0	51	4
"KAZ"	488	224	11	190	85	0	1
"KEN"	892	29	18	19	1	4	37
"PRK"	2	87	333	340	39	173	25
"KOR"	950	4	0	21	12	1	11
"KWT"	173	409	296	61	3	48	9
"KGZ"	177	233	345	25	71	4	145
"LAO"	635	35	1	278	20	24	7
"LVA"	611	227	94	39	19	6	3
"LBN"	29	748	57	69	25	59	14
"LSO"	488	421	46	0	9	23	13
"LBR"	842	2	76	26	1	46	7
"LBY"	305	465	13	0	126	83	8
"LTU"	602	195	115	42	28	16	1
"LUX"	691	18	201	1	38	26	25
"MKD"	316	42	480	117	6	29	9
"MDG"	793	6	166	23	6	3	3
"MWI"	824	0	130	17	1	4	24
"MYS"	191	0	1	617	65	2	124
"MLI"	734	10	149	6	0	82	17
"MLT"	380	183	41	279	35	2	81
"MRT"	793	19	116	2	20	47	4
"MUS"	871	0	5	18	40	52	14
"MEX"	39	58	120	724	1	8	51
"MDA"	187	14	342	150	84	147	76
"MNG"	199	21	34	716	18	13	0
"MNE"	591	61	42	157	8	40	101
"MAR"	23	15	351	75	4	484	48
"MOZ"	873	28	68	1	0	0	29
"MMR"	298	0	544	4	43	14	97
"NAM"	421	516	4	8	28	17	8
"NPL"	550	15	41	62	13	0	318
"NLD"	905	40	24	23	0	0	7
"NZL"	780	78	72	25	1	22	22
"NIC"	523	90	254	6	40	52	35
"NER"	832	5	88	2	0	58	16
"NGA"	882	5	21	4	65	17	6
"NOR"	852	17	85	34	1	2	8
"OMN"	287	506	130	7	58	7	5
"PAK"	295	242	8	118	83	43	211
"PAN"	18	184	25	361	92	214	105
"PNG"	797	12	15	40	55	80	1
"PRY"	45	14	262	435	0	57	187
"PER"	33	257	182	207	0	140	180
"PHL"	186	13	70	31	1	583	116
"POL"	834	4	29	72	9	20	32
"PRT"	911	71	10	4	0	1	2
"QAT"	155	388	323	93	27	13	1
"ROU"	222	323	393	12	9	40	1
"RUS"	119	132	660	2	78	2	7
"RWA"	628	23	6	3	96	37	207
"SAU"	136	699	83	59	1	16	6
"SEN"	761	29	109	8	46	41	5
"SRB"	597	38	121	137	6	44	55
"SLE"	848	11	94	43	0	2	0
"SGP"	284	1	188	332	11	111	73
"SVK"	727	17	0	134	1	68	53
"SVN"	774	14	16	135	4	7	50
"ZAF"	48	535	1	160	24	0	231
"ESP"	805	11	97	18	1	65	3
"LKA"	286	7	277	205	113	56	54
"SDN"	728	61	20	0	63	51	77
"SWE"	816	3	71	81	0	3	25
"CHE"	893	32	45	1	17	10	2
"SYR"	10	862	55	42	10	19	1
"TWN"	977	3	3	8	0	7	1
"TJK"	27	523	5	163	27	27	228
"TZA"	832	6	134	24	0	3	1
"THA"	520	1	394	8	39	6	32
"TGO"	909	1	43	7	26	9	7
"TTO"	487	17	266	1	100	84	45
"TUN"	815	21	91	43	8	14	9
"TUR"	506	23	94	321	4	2	50
"TKM"	290	53	217	5	313	122	1
"UGA"	833	3	131	0	5	28	0
"UKR"	554	15	121	226	53	13	18
"ARE"	153	381	335	90	24	18	0
"GBR"	915	48	26	2	7	2	0
"USA"	494	172	1	198	4	16	116
"URY"	485	216	112	113	0	1	72
"UZB"	109	520	286	38	10	0	37
"VEN"	2	8	274	426	0	83	207
"VNM"	83	30	216	226	65	4	376
"YEM"	641	260	79	17	1	2	0
"ZMB"	711	16	9	2	60	24	179
"ZWE"	666	47	183	28	26	1	48
"ALB"	446	16	139	167	3	113	115
"DZA"	66	704	172	41	1	16	0
"AGO"	786	25	57	0	20	0	112
"ARG"	203	69	175	266	19	113	154
"ARM"	465	25	141	229	1	54	84
"AUS"	794	11	149	13	1	25	7
"AUT"	906	20	28	19	4	15	8
"AZE"	48	458	22	229	59	42	141
"BGD"	156	133	15	313	7	100	277
"BLR"	464	52	116	252	76	0	40
"BEL"	915	1	40	35	0	1	9
"BEN"	798	0	156	8	0	1	37
"BTN"	341	1	198	17	2	39	402
"BOL"	392	220	54	55	3	248	27
"BIH"	8	67	84	126	34	15	667
"BWA"	174	301	4	53	250	42	176
"BRA"	60	209	158	415	6	50	101
"BGR"	513	82	263	40	1	72	29
"BFA"	808	2	112	0	31	11	35
"BDI"	400	294	158	37	30	32	49
"KHM"	615	1	6	199	63	32	84
"CMR"	914	38	25	0	2	13	9
"CAN"	899	23	73	0	4	0	0
"CAF"	892	34	37	0	17	8	13
"TCD"	973	8	11	1	3	0	4
"CHL"	323	187	6	332	11	13	130
"CHN"	64	286	535	60	14	0	40
"COL"	5	152	231	296	3	132	182
"COG"	925	0	21	3	8	34	10
"COD"	817	24	29	29	96	3	1
"CRI"	175	106	43	460	44	21	150
"CIV"	713	2	26	89	10	0	160
"HRV"	823	0	62	50	0	42	22
"CUB"	336	69	360	31	99	66	39
"CYP"	785	46	110	7	16	14	22
"CZE"	781	27	17	107	0	24	43
"DNK"	640	245	4	52	3	4	53
"DOM"	1	69	217	244	44	118	307
"ECU"	24	27	188	291	2	233	235
"EGY"	243	653	6	41	0	22	35
"SLV"	1	431	435	75	1	0	57
"EST"	869	42	11	51	1	22	4
"ETH"	744	33	79	127	1	1	15
"FIN"	786	15	78	99	1	1	19
"FRA"	955	8	19	9	0	0	8
"GAB"	706	6	26	87	92	39	45
"GMB"	565	28	63	230	30	13	72
"GEO"	283	122	540	0	4	45	6
"DEU"	886	35	3	55	0	9	11
"GHA"	710	101	99	34	5	4	47
"GRC"	911	36	37	3	5	7	1
"GTM"	366	21	24	397	29	93	69
"GIN"	913	15	7	9	3	1	52
"GNB"	938	47	1	6	3	4	1
"GUY"	9	204	504	91	11	0	182
"HTI"	768	101	51	4	25	26	26
"HND"	97	36	157	402	19	90	200
"HUN"	792	1	1	141	2	31	32
"ISL"	715	0	261	7	0	15	2
"IND"	301	0	35	224	3	13	424
"IDN"	100	68	1	481	4	7	339
"IRN"	49	161	642	132	6	1	10
"IRQ"	38	811	4	108	12	21	6
"IRL"	530	4	417	3	2	38	7
"ISR"	445	1	10	352	3	105	83
"ITA"	967	5	22	4	0	2	0
"JAM"	231	259	398	72	4	1	35
"JPN"	943	17	3	1	6	15	16
"JOR"	130	533	289	15	0	32	1
"KAZ"	416	344	9	157	67	3	4
"KEN"	891	26	12	22	3	15	32
"PRK"	4	74	348	361	60	145	8
"KOR"	947	6	0	22	11	3	11
"KWT"	153	433	293	61	4	44	11
"KGZ"	223	405	77	247	33	14	0
"LAO"	663	64	0	242	8	22	1
"LVA"	608	165	111	72	21	10	13
"LBN"	281	360	198	1	58	0	103
"LSO"	506	415	47	0	7	16	10
"LBR"	844	7	75	16	1	50	9
"LBY"	373	431	6	1	115	61	12
"LTU"	630	162	113	53	26	16	0
"LUX"	659	7	246	2	53	22	11
"MKD"	360	70	414	102	9	36	9
"MDG"	835	7	122	18	10	5	3
"MWI"	833	0	127	1	6	9	25
"MYS"	170	0	15	613	57	1	144
"MLI"	647	35	219	1	8	42	46
"MLT"	359	198	36	279	41	3	83
"MRT"	801	37	53	0	22	76	11
"MUS"	841	7	8	24	42	70	8
"MEX"	20	35	116	732	1	17	79
"MDA"	172	7	304	172	60	191	94
"MNG"	217	3	55	673	43	8	1
"MNE"	708	22	26	145	12	20	67
"MAR"	24	38	401	101	4	405	28
"MOZ"	858	40	68	1	1	1	30
"MMR"	227	0	626	12	14	17	104
"NAM"	412	462	0	6	75	35	11
"NPL"	363	2	34	146	26	5	425
"NLD"	896	37	30	29	0	0	7
"NZL"	790	104	48	21	1	14	23
"NIC"	338	168	272	48	27	49	98
"NER"	732	27	119	6	2	62	53
"NGA"	899	3	20	11	46	16	5
"NOR"	775	1	141	63	1	1	19
"OMN"	216	458	239	27	49	2	9
"PAK"	256	320	3	137	57	34	193
"PAN"	13	205	25	439	76	144	99
"PNG"	797	17	13	36	49	87	1
"PRY"	22	34	321	371	8	43	201
"PER"	27	258	179	249	1	97	190
"PHL"	85	33	214	0	39	545	84
"POL"	853	10	14	71	4	26	22
"PRT"	916	75	7	0	0	0	2
"QAT"	3	37	56	672	112	3	117
"ROU"	417	21	92	249	38	49	134
"RUS"	126	106	646	9	95	1	18
"RWA"	621	5	9	19	77	58	210
"SAU"	191	667	80	44	2	8	8
"SEN"	770	28	116	23	25	32	6
"SRB"	545	46	91	189	7	51	71
"SLE"	827	4	69	77	0	15	7
"SGP"	198	0	266	310	8	140	78
"SVK"	716	19	0	148	0	62	54
"SVN"	738	22	31	146	3	6	54
"ZAF"	63	506	6	168	26	1	231
"ESP"	767	12	27	73	1	86	33
"LKA"	255	56	232	336	72	21	28
"SDN"	740	56	7	1	81	43	72
"SWE"	827	5	91	54	1	4	18
"CHE"	863	15	90	0	20	9	3
"SYR"	3	811	97	57	4	22	5
"TWN"	970	6	3	12	1	7	1
"TJK"	20	570	0	199	29	19	163
"TZA"	834	1	140	19	0	4	2
"THA"	552	1	408	13	11	11	4
"TGO"	935	7	37	0	14	3	4
"TTO"	367	49	319	4	101	84	77
"TUN"	760	69	117	23	6	15	11
"TUR"	577	32	108	239	4	2	36
"TKM"	346	33	181	0	290	147	2
"UGA"	832	7	114	0	2	46	0
"UKR"	506	38	72	282	53	12	38
"ARE"	78	432	302	103	82	3	1
"GBR"	928	33	27	0	8	4	0
"USA"	480	195	1	180	3	18	124
"URY"	508	206	90	125	0	1	70
"UZB"	100	633	185	19	3	3	57
"VEN"	16	3	257	361	43	130	190
"VNM"	43	28	417	115	84	13	300
"YEM"	632	290	55	13	1	9	1
"ZMB"	694	15	18	7	78	35	153
"ZWE"	756	26	149	10	20	0	40
"ALB"	498	18	114	181	8	82	98
"DZA"	105	651	51	43	137	10	2
"AGO"	765	28	60	1	25	1	120
"ARG"	253	59	159	212	29	133	156
"ARM"	475	35	138	231	0	38	83
"AUS"	731	6	197	21	2	32	11
"AUT"	900	21	24	36	1	9	10
"AZE"	50	506	21	212	43	42	124
"BGD"	134	126	18	346	9	92	274
"BLR"	436	68	128	251	83	0	35
"BEL"	868	0	82	40	0	0	9
"BEN"	836	3	118	8	0	1	33
"BTN"	287	30	131	10	0	35	506
"BOL"	345	264	57	68	2	232	32
"BIH"	8	68	110	123	28	18	644
"BWA"	178	256	8	105	243	43	166
"BRA"	69	267	140	374	2	36	111
"BGR"	481	165	305	2	1	44	3
"BFA"	798	2	120	0	29	6	46
"BDI"	391	287	172	43	59	7	41
"KHM"	543	11	7	242	45	33	118
"CMR"	919	32	24	2	6	10	7
"CAN"	880	23	89	1	7	0	0
"CAF"	895	31	33	2	18	8	12
"TCD"	974	1	13	0	3	0	7
"CHL"	322	183	3	335	16	8	132
"CHN"	35	256	602	79	10	0	18
"COL"	5	176	230	249	1	139	200
"COG"	918	0	27	1	7	24	23
"COD"	823	30	21	30	93	2	1
"CRI"	213	130	32	406	59	9	151
"CIV"	733	2	13	97	14	0	140
"HRV"	641	2	41	188	3	60	66
"CUB"	323	75	394	37	78	49	44
"CYP"	792	40	82	9	23	29	25
"CZE"	805	17	12	103	0	25	38
"DNK"	866	84	43	6	0	0	1
"DOM"	1	46	275	251	22	75	331
"ECU"	17	30	191	318	4	189	252
"EGY"	208	712	12	30	0	14	23
"SLV"	2	431	440	60	9	0	58
"EST"	878	76	16	18	0	11	0
"ETH"	799	25	65	95	0	1	14
"FIN"	769	19	89	103	1	2	17
"FRA"	959	22	11	4	1	0	4
"GAB"	711	10	33	107	61	33	45
"GMB"	565	26	58	268	21	5	56
"GEO"	207	173	541	1	22	46	11
"DEU"	883	43	3	52	0	10	9
"GHA"	690	116	97	41	3	2	51
"GRC"	860	34	75	2	12	15	2
"GTM"	353	26	37	396	37	80	72
"GIN"	855	28	30	16	1	2	69
"GNB"	909	55	2	24	0	7	3
"GUY"	3	195	477	99	30	5	191
"HTI"	775	103	56	4	17	17	28
"HND"	61	40	190	383	19	88	221
"HUN"	823	0	10	112	1	33	20
"ISL"	795	3	64	108	2	0	28
"IND"	324	3	16	223	4	9	421
"IDN"	102	49	0	427	48	3	371
"IRN"	42	202	618	115	1	10	12
"IRQ"	43	818	29	68	19	21	2
"IRL"	802	51	112	15	5	9	6
"ISR"	367	5	7	397	4	112	109
"ITA"	862	34	62	34	0	3	6
"JAM"	180	258	440	73	6	1	42
"JPN"	928	29	3	1	7	21	11
"JOR"	86	598	258	33	3	20	3
"KAZ"	346	423	19	157	49	0	6
"KEN"	855	39	18	28	5	23	31
"PRK"	5	83	374	337	69	131	2
"KOR"	956	4	3	19	7	2	9
"KWT"	136	435	303	66	6	42	14
"KGZ"	181	469	40	253	19	30	8
"LAO"	650	111	4	206	7	21	1
"LVA"	474	305	190	8	4	19	0
"LBN"	0	637	149	110	1	92	11
"LSO"	515	427	29	4	3	14	9
"LBR"	833	2	97	12	3	43	10
"LBY"	351	311	131	27	147	22	11
"LTU"	602	203	123	36	19	16	1
"LUX"	590	14	331	0	45	10	9
"MKD"	312	72	438	107	14	46	11
"MDG"	869	7	76	16	15	16	2
"MWI"	772	7	125	12	5	44	36
"MYS"	166	4	16	583	62	2	166
"MLI"	559	62	229	7	21	40	82
"MLT"	824	8	28	49	9	41	39
"MRT"	814	37	42	0	26	73	8
"MUS"	833	15	17	10	15	100	11
"MEX"	19	42	120	706	2	17	95
"MDA"	169	3	166	253	38	210	163
"MNG"	113	1	114	605	121	46	1
"MNE"	675	31	15	184	17	11	66
"MAR"	10	34	316	217	10	406	7
"MOZ"	850	45	71	0	3	1	31
"MMR"	197	1	644	27	7	25	100
"NAM"	468	328	1	10	109	70	14
"NPL"	185	5	11	256	65	0	478
"NLD"	872	29	50	39	0	0	9
"NZL"	770	126	48	19	2	8	26
"NIC"	259	196	292	80	20	50	103
"NER"	674	41	133	15	4	51	82
"NGA"	920	2	13	12	40	10	4
"NOR"	713	0	190	74	0	1	21
"OMN"	65	476	339	60	18	25	18
"PAK"	220	363	4	148	59	35	171
"PAN"	13	201	36	475	55	121	99
"PNG"	798	21	10	34	44	93	1
"PRY"	10	35	327	372	25	29	201
"PER"	14	242	167	294	4	91	187
"PHL"	135	28	294	11	6	409	117
"POL"	862	14	7	72	2	26	18
"PRT"	917	65	15	1	1	0	1
"QAT"	2	24	68	659	128	1	118
"ROU"	441	11	60	269	35	32	152
"RUS"	93	123	679	0	94	0	10
"RWA"	577	9	28	32	62	77	215
"SAU"	218	636	82	42	1	8	12
"SEN"	782	38	109	39	15	12	4
"SRB"	584	17	127	153	3	65	52
"SLE"	774	1	50	113	0	37	24
"SGP"	197	0	251	319	8	139	85
"SVK"	815	3	2	90	1	61	27
"SVN"	780	13	19	136	4	4	44
"ZAF"	72	468	7	210	18	2	223
"ESP"	758	82	4	71	1	42	42
"LKA"	337	69	214	240	115	14	13
"SDN"	751	40	4	2	84	51	69
"SWE"	795	4	113	64	1	5	19
"CHE"	836	8	127	0	19	6	3
"SYR"	180	635	116	2	22	44	1
"TWN"	962	16	2	12	5	2	0
"TJK"	9	632	2	242	26	11	77
"TZA"	796	0	161	34	0	3	5
"THA"	539	0	422	20	7	9	3
"TGO"	936	15	26	5	13	3	2
"TTO"	316	47	326	10	120	102	80
"TUN"	716	130	109	14	2	17	11
"TUR"	568	46	58	263	3	4	58
"TKM"	395	37	168	0	261	134	5
"UGA"	835	7	108	0	0	48	1
"UKR"	461	62	56	308	53	11	50
"ARE"	55	454	285	108	92	5	1
"GBR"	923	41	26	1	7	1	1
"USA"	574	178	0	124	1	15	108
"URY"	535	200	69	124	3	0	69
"UZB"	18	878	24	0	1	3	76
"VEN"	12	1	294	328	43	121	202
"VNM"	66	35	711	69	108	0	12
"YEM"	658	282	33	18	0	7	1
"ZMB"	706	10	20	13	72	34	145
"ZWE"	834	15	100	0	20	3	28
"ALB"	536	43	90	183	21	42	86
"DZA"	48	711	14	67	129	22	10
"AGO"	714	28	69	2	44	0	143
"ARG"	296	34	158	180	37	147	148
"ARM"	497	68	70	229	2	36	99
"AUS"	753	13	180	17	2	23	11
"AUT"	912	28	28	20	2	7	4
"AZE"	83	448	1	250	41	58	119
"BGD"	128	147	16	389	4	51	265
"BLR"	443	78	73	275	82	1	46
"BEL"	838	0	86	61	0	1	14
"BEN"	819	12	115	12	11	5	26
"BTN"	214	85	98	9	1	32	562
"BOL"	328	263	70	112	0	198	29
"BIH"	13	84	99	129	25	21	628
"BWA"	151	256	17	144	209	52	172
"BRA"	62	254	154	367	2	41	119
"BGR"	435	205	330	0	1	28	0
"BFA"	816	2	103	0	25	1	52
"BDI"	394	289	170	41	64	2	40
"KHM"	383	41	33	304	25	42	173
"CMR"	922	27	25	2	15	2	7
"CAN"	861	23	104	2	9	0	1
"CAF"	892	28	31	0	28	2	18
"TCD"	971	0	17	0	2	0	9
"CHL"	335	171	3	326	17	9	139
"CHN"	21	262	608	92	4	4	9
"COL"	4	206	232	243	0	104	211
"COG"	896	1	19	1	0	52	31
"COD"	817	29	26	31	96	1	1
"CRI"	230	176	27	316	14	57	180
"CIV"	737	2	2	113	20	0	126
"HRV"	707	43	157	43	1	41	8
"CUB"	283	62	507	65	30	6	47
"CYP"	844	14	56	0	40	37	9
"CZE"	768	12	4	133	0	37	46
"DNK"	867	54	51	27	0	1	1
"DOM"	0	62	257	267	13	37	363
"ECU"	8	32	187	329	3	171	270
"EGY"	132	816	18	18	2	0	16
"SLV"	29	364	569	2	20	4	11
"EST"	861	97	19	14	1	8	0
"ETH"	800	28	63	89	0	2	18
"FIN"	748	15	99	114	0	3	20
"FRA"	958	17	10	9	0	1	5
"GAB"	696	11	42	129	39	31	52
"GMB"	566	26	57	281	21	3	45
"GEO"	219	207	475	1	31	62	5
"DEU"	864	20	17	73	0	12	15
"GHA"	653	123	90	57	11	1	65
"GRC"	611	110	205	29	9	12	24
"GTM"	353	24	46	381	48	73	74
"GIN"	773	44	51	35	1	2	94
"GNB"	920	30	4	30	0	14	2
"GUY"	0	166	497	110	43	9	175
"HTI"	769	104	55	5	21	13	32
"HND"	53	31	240	396	25	44	212
"HUN"	839	6	31	78	1	35	10
"ISL"	791	8	55	118	3	0	25
"IND"	334	8	5	231	1	1	420
"IDN"	62	41	8	408	94	2	385
"IRN"	186	292	349	19	32	114	7
"IRQ"	57	798	63	39	22	21	0
"IRL"	819	84	34	44	5	0	14
"ISR"	372	14	6	382	4	106	116
"ITA"	788	48	73	70	0	5	17
"JAM"	155	295	418	72	13	0	48
"JPN"	917	37	4	1	8	22	11
"JOR"	65	617	258	36	5	16	3
"KAZ"	334	375	4	206	67	1	12
"KEN"	863	32	16	37	5	24	24
"PRK"	5	92	374	327	81	122	0
"KOR"	938	7	3	31	5	0	16
"KWT"	115	589	275	0	0	19	2
"KGZ"	144	579	0	226	13	15	23
"LAO"	607	150	9	166	0	60	9
"LVA"	502	265	172	21	2	36	2
"LBN"	9	636	158	125	2	60	11
"LSO"	567	381	18	7	2	12	14
"LBR"	858	0	75	14	4	33	15
"LBY"	298	145	363	57	135	2	1
"LTU"	588	219	121	32	10	28	1
"LUX"	470	6	390	55	76	3	0
"MKD"	283	80	428	116	20	59	13
"MDG"	876	7	72	15	10	17	2
"MWI"	758	3	121	24	9	63	23
"MYS"	153	6	23	573	71	5	169
"MLI"	610	90	141	9	27	26	96
"MLT"	767	16	32	43	23	73	46
"MRT"	806	47	42	2	24	73	7
"MUS"	844	30	11	8	14	88	5
"MEX"	36	60	125	661	4	14	101
"MDA"	171	23	58	323	27	193	205
"MNG"	156	4	172	484	127	56	0
"MNE"	810	2	58	85	10	11	23
"MAR"	0	90	177	435	29	266	2
"MOZ"	873	35	65	0	2	0	25
"MMR"	173	0	577	56	20	48	126
"NAM"	488	238	11	20	135	94	15
"NPL"	182	17	7	233	67	0	493
"NLD"	828	18	67	67	0	2	17
"NZL"	704	178	30	38	4	6	39
"NIC"	235	199	301	98	23	30	113
"NER"	634	48	148	22	5	43	100
"NGA"	931	1	15	13	30	8	2
"NOR"	695	0	211	73	0	0	21
"OMN"	52	495	325	62	18	31	16
"PAK"	214	410	3	137	64	32	141
"PAN"	6	210	33	478	24	138	110
"PNG"	792	27	8	32	37	102	1
"PRY"	6	22	322	384	41	27	200
"PER"	14	208	146	361	4	81	186
"PHL"	172	64	119	2	12	394	237
"POL"	854	10	3	84	1	31	17
"PRT"	806	132	49	3	0	0	9
"QAT"	2	18	80	655	110	5	130
"ROU"	412	0	39	289	21	41	197
"RUS"	88	142	618	0	132	17	4
"RWA"	546	22	19	38	61	79	235
"SAU"	190	679	70	39	1	7	14
"SEN"	701	30	176	58	22	11	2
"SRB"	596	12	124	163	7	50	48
"SLE"	753	3	50	110	1	44	39
"SGP"	406	57	103	268	11	71	85
"SVK"	771	9	0	113	2	69	36
"SVN"	797	6	9	133	3	8	43
"ZAF"	130	378	11	288	0	3	191
"ESP"	708	157	44	43	1	12	35
"LKA"	364	45	254	128	149	17	43
"SDN"	752	36	1	2	75	63	71
"SWE"	790	9	122	50	5	11	15
"CHE"	803	3	146	10	17	11	10
"SYR"	114	37	594	154	30	65	5
"TWN"	961	19	2	11	7	1	0
"TJK"	11	668	3	210	27	13	67
"TZA"	791	2	161	34	0	1	10
"THA"	600	1	362	20	8	6	3
"TGO"	874	26	27	12	42	18	1
"TTO"	285	50	309	17	125	129	85
"TUN"	678	151	131	16	1	18	6
"TUR"	402	63	12	375	2	45	100
"TKM"	372	88	87	24	253	176	0
"UGA"	846	2	110	0	1	35	7
"UKR"	448	74	48	316	59	7	47
"ARE"	65	392	349	108	83	1	0
"GBR"	901	8	45	11	11	18	6
"USA"	565	193	0	117	2	10	112
"URY"	630	163	67	81	2	1	56
"UZB"	15	885	26	2	2	0	70
"VEN"	10	0	306	326	36	102	219
"VNM"	2	31	608	3	186	20	149
"YEM"	672	279	20	21	1	6	1
"ZMB"	547	32	49	11	19	157	186
"ZWE"	896	9	35	0	18	19	24
"ALB"	604	26	42	207	27	27	67
"DZA"	28	730	6	54	144	20	17
"AGO"	704	41	64	7	45	0	138
"ARG"	278	27	178	174	39	150	155
"ARM"	494	102	85	190	2	31	97
"AUS"	751	13	184	18	3	20	12
"AUT"	908	16	53	13	3	4	3
"AZE"	128	429	4	259	41	44	96
"BGD"	113	156	9	383	8	60	270
"BLR"	457	94	46	277	75	1	49
"BEL"	860	1	45	79	2	0	14
"BEN"	801	17	109	12	24	10	27
"BTN"	147	120	57	9	15	77	575
"BOL"	327	262	78	125	1	182	23
"BIH"	22	93	96	135	27	19	608
"BWA"	149	273	12	148	169	72	178
"BRA"	54	218	193	365	3	42	125
"BGR"	445	212	325	0	13	5	1
"BFA"	834	4	86	0	21	1	54
"BDI"	379	264	217	39	56	3	41
"KHM"	352	65	33	290	17	41	203
"CMR"	926	30	22	3	12	3	4
"CAN"	855	25	107	2	11	0	1
"CAF"	884	12	48	0	39	0	16
"TCD"	975	1	16	1	1	0	7
"CHL"	350	185	2	286	7	22	148
"CHN"	12	323	538	107	0	15	5
"COL"	6	218	236	245	1	81	213
"COG"	898	4	13	2	1	48	33
"COD"	818	29	29	34	88	1	1
"CRI"	247	187	26	332	0	46	161
"CIV"	725	14	3	123	10	7	117
"HRV"	826	23	93	32	2	19	4
"CUB"	262	56	539	90	9	0	44
"CYP"	889	14	43	0	24	23	7
"CZE"	785	7	6	143	1	20	39
"DNK"	874	45	55	25	0	1	1
"DOM"	0	81	236	286	15	17	365
"ECU"	0	33	162	280	10	218	298
"EGY"	92	858	12	18	6	2	12
"SLV"	18	375	535	13	33	4	23
"EST"	843	124	7	18	1	8	1
"ETH"	788	28	70	88	0	3	23
"FIN"	741	14	96	122	1	4	21
"FRA"	950	18	14	15	0	0	4
"GAB"	706	5	25	134	34	33	63
"GMB"	589	35	44	271	18	3	41
"GEO"	339	257	352	4	10	37	1
"DEU"	840	33	15	82	0	15	14
"GHA"	659	132	71	48	15	4	71
"GRC"	579	127	243	18	8	5	19
"GTM"	359	30	54	355	52	74	76
"GIN"	768	43	56	34	1	2	96
"GNB"	917	25	4	39	0	14	0
"GUY"	0	164	476	128	53	12	166
"HTI"	763	96	62	7	25	13	35
"HND"	48	20	278	389	44	15	205
"HUN"	827	3	43	85	3	29	10
"ISL"	757	1	118	100	2	1	22
"IND"	304	9	4	238	6	2	437
"IDN"	36	25	25	441	61	19	392
"IRN"	247	400	219	10	79	44	1
"IRQ"	67	811	49	38	18	18	0
"IRL"	797	95	45	48	3	0	12
"ISR"	345	12	12	397	5	107	122
"ITA"	789	44	64	72	0	9	21
"JAM"	141	296	429	76	13	2	43
"JPN"	901	49	1	2	10	27	10
"JOR"	82	648	224	31	6	6	2
"KAZ"	336	356	17	217	58	0	15
"KEN"	851	44	23	36	4	21	22
"PRK"	1	107	391	310	73	117	1
"KOR"	933	4	1	38	4	1	18
"KWT"	76	663	247	0	3	6	4
"KGZ"	109	673	24	163	17	0	14
"LAO"	471	210	4	200	9	73	34
"LVA"	563	276	123	16	4	18	0
"LBN"	21	663	131	125	3	45	12
"LSO"	629	307	21	17	0	16	11
"LBR"	891	2	32	27	4	18	27
"LBY"	189	144	464	64	137	1	0
"LTU"	628	219	91	26	6	27	2
"LUX"	392	16	442	69	79	1	1
"MKD"	284	106	360	122	33	81	14
"MDG"	886	5	67	14	7	18	4
"MWI"	756	0	105	34	16	74	14
"MYS"	169	20	15	540	78	9	169
"MLI"	604	87	137	10	19	29	115
"MLT"	748	41	49	35	22	58	47
"MRT"	803	44	44	1	26	76	6
"MUS"	850	28	13	7	12	85	5
"MEX"	37	47	187	600	1	17	109
"MDA"	161	26	44	362	28	176	202
"MNG"	183	10	242	439	106	20	0
"MNE"	833	1	113	32	6	10	4
"MAR"	0	114	128	496	31	231	0
"MOZ"	903	25	49	1	4	0	18
"MMR"	186	0	511	74	27	68	134
"NAM"	509	196	16	16	134	110	19
"NPL"	172	14	0	272	37	2	503
"NLD"	821	18	64	75	0	3	19
"NZL"	652	141	77	60	7	12	50
"NIC"	213	208	310	123	28	22	97
"NER"	635	53	142	19	4	42	105
"NGA"	943	2	10	14	23	6	0
"NOR"	694	0	203	82	0	0	21
"OMN"	53	480	349	86	8	13	11
"PAK"	185	436	7	149	72	32	120
"PAN"	13	198	41	536	52	61	99
"PNG"	780	33	9	31	33	113	1
"PRY"	0	12	309	405	64	18	192
"PER"	10	178	147	396	5	71	194
"PHL"	14	125	5	2	2	568	284
"POL"	877	12	1	88	7	8	7
"PRT"	775	153	62	0	1	0	8
"QAT"	0	25	70	661	106	6	133
"ROU"	424	0	27	288	15	46	201
"RUS"	89	154	573	1	150	31	2
"RWA"	507	39	22	49	71	63	249
"SAU"	316	449	77	11	23	91	34
"SEN"	658	31	201	69	26	13	2
"SRB"	633	7	88	169	6	52	45
"SLE"	754	4	43	108	1	49	42
"SGP"	462	94	62	239	10	50	83
"SVK"	753	13	1	111	3	80	40
"SVN"	776	1	6	167	10	2	37
"ZAF"	127	352	7	326	0	0	188
"ESP"	680	174	82	27	2	6	30
"LKA"	408	68	206	85	171	17	44
"SDN"	755	35	1	3	78	60	69
"SWE"	794	7	135	55	0	0	8
"CHE"	779	3	173	10	17	9	9
"SYR"	12	73	606	152	17	139	1
"TWN"	960	20	0	9	10	0	0
"TJK"	6	672	10	204	33	9	66
"TZA"	803	4	149	29	1	0	14
"THA"	580	4	380	18	8	7	2
"TGO"	864	29	32	16	45	11	2
"TTO"	248	42	344	20	108	158	81
"TUN"	653	161	154	13	0	16	3
"TUR"	410	36	7	245	14	170	120
"TKM"	393	87	79	20	235	186	1
"UGA"	844	1	98	1	4	41	11
"UKR"	393	97	69	319	73	4	45
"ARE"	515	93	11	6	133	223	19
"GBR"	900	21	61	17	0	0	1
"USA"	559	189	1	125	3	8	116
"URY"	583	183	58	100	6	2	68
"UZB"	64	724	105	0	17	43	47
"VEN"	5	3	351	309	36	90	206
"VNM"	6	63	543	1	231	33	123
"YEM"	679	282	7	21	0	9	1
"ZMB"	558	25	46	14	18	166	172
"ZWE"	915	3	17	2	21	24	18

----------------------------------------------------------------------------------------------------


                    Contribuciones de las columnas del primer cubo en todas las repeticiones

Axis	1	2	3	4	5	6	7
"SF"	993	1	2	3	1	0	0
"SD"	998	0	2	0	0	0	0
"SS"	989	11	0	0	0	0	0
"Ed"	994	4	1	0	1	0	0
"HL"	996	1	1	2	0	0	0
"GE"	651	328	6	14	0	0	0
"ID"	903	73	19	5	0	0	0
"PG"	911	55	32	2	0	0	0
"GG"	917	48	35	0	0	0	0
"SF"	993	2	2	3	1	0	0
"SD"	998	0	2	0	0	0	0
"SS"	988	12	0	0	0	0	0
"Ed"	992	6	1	0	1	0	0
"HL"	997	1	1	1	0	0	0
"GE"	647	335	8	10	0	0	0
"ID"	890	84	20	5	0	0	0
"PG"	886	68	45	1	0	0	0
"GG"	908	55	36	0	0	0	0
"SF"	993	1	2	3	1	0	0
"SD"	997	0	2	0	0	0	0
"SS"	987	13	0	0	0	0	0
"Ed"	986	12	1	0	0	0	0
"HL"	997	0	1	1	0	0	0
"GE"	620	349	19	11	1	0	0
"ID"	894	89	9	8	0	0	0
"PG"	871	74	55	0	0	0	0
"GG"	919	48	33	0	0	0	0
"SF"	992	1	2	3	2	0	0
"SD"	997	0	3	0	0	0	0
"SS"	986	13	1	0	0	0	0
"Ed"	985	14	1	0	0	0	0
"HL"	998	0	1	1	0	0	0
"GE"	583	376	24	15	2	0	0
"ID"	898	85	13	4	0	0	0
"PG"	883	72	45	0	0	0	0
"GG"	911	55	33	0	0	0	0
"SF"	994	1	1	3	2	0	0
"SD"	996	0	3	0	0	0	0
"SS"	986	13	1	0	0	0	0
"Ed"	985	13	1	0	0	0	0
"HL"	998	0	0	1	0	0	0
"GE"	601	363	19	16	1	0	0
"ID"	872	111	13	4	0	0	0
"PG"	920	46	33	1	0	0	0
"GG"	901	66	32	0	0	0	0
"SF"	994	0	1	3	2	0	0
"SD"	996	0	3	0	1	0	0
"SS"	985	13	1	0	0	0	0
"Ed"	981	17	1	0	0	1	0
"HL"	998	0	0	1	0	0	0
"GE"	602	364	17	16	1	0	0
"ID"	869	114	13	3	0	0	0
"PG"	946	25	26	1	0	1	1
"GG"	894	76	29	0	0	0	0

----------------------------------------------------------------------------------------------------


                    Contribuciones de las filas segun el segundo cubo en todas las repeticiones

Axis	1	2	3	4	5	6	7
"ALB"	372	1	403	4	131	10	79
"DZA"	4	493	281	99	109	1	13
"AGO"	900	1	0	58	31	5	5
"ARG"	242	128	153	23	143	231	81
"ARM"	62	68	509	23	305	30	3
"AUS"	834	66	55	7	33	3	2
"AUT"	697	88	14	1	0	142	58
"AZE"	26	448	484	0	2	4	35
"BGD"	530	32	283	44	92	3	16
"BLR"	648	135	79	24	53	10	52
"BEL"	887	1	99	7	4	2	1
"BEN"	924	21	14	0	4	16	21
"BTN"	154	337	7	199	132	123	49
"BOL"	45	92	37	21	4	68	733
"BIH"	15	0	409	17	538	0	21
"BWA"	71	95	158	125	84	250	218
"BRA"	210	341	4	128	105	200	11
"BGR"	541	111	29	56	239	20	4
"BFA"	883	5	67	33	2	2	9
"BDI"	820	0	53	65	40	6	16
"KHM"	756	7	15	134	29	16	42
"CMR"	856	1	33	76	30	0	4
"CAN"	778	80	71	4	66	0	0
"CAF"	739	101	83	0	64	4	8
"TCD"	794	64	101	1	2	18	21
"CHL"	84	269	3	158	173	255	58
"CHN"	16	0	412	81	204	191	97
"COL"	231	6	193	150	4	257	160
"COG"	799	10	53	4	28	40	66
"COD"	884	10	69	28	3	6	0
"CRI"	356	192	36	161	67	43	145
"CIV"	687	63	1	30	31	76	111
"HRV"	241	290	193	86	4	48	140
"CUB"	35	19	78	314	202	168	184
"CYP"	859	1	16	22	4	14	82
"CZE"	827	60	22	35	3	20	34
"DNK"	797	140	38	10	1	6	8
"DOM"	17	1	49	102	659	73	98
"ECU"	31	75	219	23	557	56	39
"EGY"	4	617	100	220	39	0	21
"SLV"	634	14	13	14	320	4	1
"EST"	758	49	8	59	78	32	16
"ETH"	838	26	95	9	26	4	1
"FIN"	661	34	25	7	48	127	98
"FRA"	704	108	32	32	37	37	51
"GAB"	214	285	132	189	4	2	173
"GMB"	865	24	55	37	14	0	5
"GEO"	465	3	221	202	1	82	26
"DEU"	896	31	33	8	15	15	1
"GHA"	390	77	32	36	206	122	137
"GRC"	790	73	0	56	4	67	10
"GTM"	855	39	1	37	3	43	23
"GIN"	804	71	79	5	25	5	10
"GNB"	796	62	97	3	0	19	23
"GUY"	653	9	7	22	115	113	81
"HTI"	831	13	0	65	73	15	3
"HND"	557	37	182	54	99	9	62
"HUN"	712	204	22	38	0	23	1
"ISL"	168	84	597	34	113	1	2
"IND"	456	275	200	4	61	0	3
"IDN"	486	23	270	83	132	2	4
"IRN"	202	520	39	85	3	99	52
"IRQ"	3	775	25	59	17	52	69
"IRL"	771	56	26	18	80	1	49
"ISR"	529	198	53	68	111	1	40
"ITA"	769	38	10	73	98	12	0
"JAM"	30	2	299	240	386	1	42
"JPN"	836	1	20	49	45	45	4
"JOR"	8	733	65	176	11	0	8
"KAZ"	553	23	16	15	142	214	36
"KEN"	779	30	55	9	125	2	0
"PRK"	25	173	318	289	136	5	54
"KOR"	793	81	21	3	11	55	36
"KWT"	516	356	40	21	2	28	36
"KGZ"	474	116	50	41	314	0	6
"LAO"	681	81	19	5	186	17	13
"LVA"	48	454	3	439	1	2	53
"LBN"	75	84	48	92	27	307	367
"LSO"	759	70	64	6	98	0	3
"LBR"	815	7	62	46	40	11	21
"LBY"	286	678	8	3	12	12	1
"LTU"	308	192	30	325	0	35	109
"LUX"	733	123	8	32	17	32	55
"MKD"	183	32	495	20	158	2	111
"MDG"	857	0	57	57	13	3	12
"MWI"	876	0	46	61	15	1	2
"MYS"	519	112	148	35	88	64	33
"MLI"	820	13	90	14	19	19	26
"MLT"	374	138	3	426	19	38	3
"MRT"	556	5	144	7	130	90	68
"MUS"	83	284	285	5	294	37	11
"MEX"	169	50	738	8	18	13	3
"MDA"	35	8	804	24	64	2	64
"MNG"	154	261	109	178	17	94	188
"MNE"	1	251	5	18	708	0	17
"MAR"	56	119	290	290	191	2	52
"MOZ"	888	12	57	26	1	13	3
"MMR"	749	0	2	2	244	0	3
"NAM"	81	258	226	369	5	58	3
"NPL"	917	7	46	23	2	5	0
"NLD"	870	53	23	0	0	25	28
"NZL"	605	190	187	2	11	2	2
"NIC"	890	45	52	5	2	5	0
"NER"	800	82	49	3	59	1	6
"NGA"	786	1	19	32	157	0	4
"NOR"	437	134	348	11	67	3	2
"OMN"	467	447	30	9	28	18	0
"PAK"	224	692	21	21	37	2	3
"PAN"	143	66	144	146	73	209	221
"PNG"	628	34	3	2	86	149	98
"PRY"	368	157	298	37	20	68	52
"PER"	300	138	222	0	88	179	72
"PHL"	389	11	8	132	252	99	109
"POL"	774	23	3	11	97	55	37
"PRT"	668	0	13	17	243	16	43
"QAT"	452	375	25	25	38	35	49
"ROU"	203	53	302	33	406	3	1
"RUS"	704	6	8	77	173	19	13
"RWA"	866	10	40	67	15	1	2
"SAU"	457	435	32	1	1	38	36
"SEN"	642	33	113	0	202	9	0
"SRB"	292	1	214	15	210	236	33
"SLE"	835	5	53	61	25	5	15
"SGP"	641	97	6	0	84	78	93
"SVK"	802	121	1	23	23	13	16
"SVN"	754	93	4	0	2	87	60
"ZAF"	601	22	54	27	10	269	19
"ESP"	897	0	9	85	0	8	1
"LKA"	705	15	8	6	261	1	4
"SDN"	322	286	159	99	7	83	44
"SWE"	501	227	90	26	6	16	134
"CHE"	706	36	0	200	3	1	54
"SYR"	0	904	34	30	0	19	13
"TWN"	908	8	43	7	1	13	20
"TJK"	579	398	5	1	15	2	1
"TZA"	793	61	41	23	29	24	29
"THA"	0	6	508	79	81	93	233
"TGO"	878	14	42	57	8	0	1
"TTO"	596	7	2	22	2	202	169
"TUN"	75	224	605	13	62	9	11
"TUR"	1	186	301	90	185	121	117
"TKM"	425	407	16	42	37	46	26
"UGA"	714	114	93	1	58	8	11
"UKR"	467	6	86	86	222	63	71
"ARE"	562	237	109	39	41	10	2
"GBR"	833	102	25	14	11	3	13
"USA"	876	35	79	1	2	5	3
"URY"	34	84	3	3	108	488	279
"UZB"	32	48	180	704	2	10	24
"VEN"	477	172	125	56	139	25	5
"VNM"	655	15	148	103	24	16	39
"YEM"	47	731	131	76	4	2	9
"ZMB"	777	41	54	17	85	16	12
"ZWE"	508	4	76	86	223	44	58
"ALB"	566	0	348	29	35	22	0
"DZA"	3	488	266	135	68	2	38
"AGO"	867	0	0	112	20	0	1
"ARG"	176	104	264	172	260	8	16
"ARM"	46	95	508	133	118	1	99
"AUS"	834	70	47	3	46	1	0
"AUT"	759	111	44	0	0	62	23
"AZE"	33	424	475	10	13	5	38
"BGD"	511	33	299	45	100	1	11
"BLR"	582	93	75	22	97	33	98
"BEL"	890	2	91	15	1	1	0
"BEN"	842	15	50	1	13	31	47
"BTN"	161	327	10	179	127	133	63
"BOL"	40	135	361	216	168	33	47
"BIH"	29	1	379	1	564	26	0
"BWA"	84	139	211	47	34	302	182
"BRA"	285	317	13	115	129	141	1
"BGR"	538	27	22	99	227	50	37
"BFA"	879	21	77	5	7	3	8
"BDI"	891	5	46	48	4	0	6
"KHM"	454	3	38	219	58	80	149
"CMR"	729	1	57	135	4	22	52
"CAN"	775	80	70	4	71	0	0
"CAF"	771	97	73	0	53	2	5
"TCD"	789	84	90	1	14	10	13
"CHL"	82	309	13	318	156	118	2
"CHN"	49	2	403	46	183	216	101
"COL"	341	15	456	8	89	83	8
"COG"	755	50	20	17	13	61	85
"COD"	883	8	67	32	4	4	0
"CRI"	247	242	23	194	151	31	113
"CIV"	724	68	0	32	22	66	88
"HRV"	408	404	154	12	3	0	19
"CUB"	42	29	166	298	178	130	156
"CYP"	879	2	8	12	22	35	42
"CZE"	883	48	34	6	0	13	16
"DNK"	815	117	37	18	2	8	3
"DOM"	20	0	108	46	714	53	60
"ECU"	100	0	390	207	38	137	129
"EGY"	0	528	80	284	86	0	21
"SLV"	702	6	13	2	270	1	5
"EST"	825	79	16	56	4	19	1
"ETH"	829	25	104	14	27	1	0
"FIN"	760	32	71	40	31	46	20
"FRA"	691	96	42	3	80	69	18
"GAB"	196	251	181	102	3	4	264
"GMB"	889	19	43	37	9	0	2
"GEO"	364	0	496	0	53	7	80
"DEU"	867	58	23	18	7	22	5
"GHA"	447	89	9	21	199	117	120
"GRC"	789	83	1	39	24	39	24
"GTM"	824	31	0	53	3	51	39
"GIN"	827	72	71	2	16	3	8
"GNB"	821	59	85	1	1	14	19
"GUY"	679	20	3	17	55	124	101
"HTI"	757	7	2	15	131	48	39
"HND"	796	44	87	8	57	2	6
"HUN"	751	134	83	0	3	1	28
"ISL"	118	94	389	10	275	48	65
"IND"	430	251	255	4	28	6	27
"IDN"	485	29	232	147	98	9	1
"IRN"	253	512	22	56	2	100	55
"IRQ"	3	599	5	95	34	115	150
"IRL"	686	46	37	38	68	10	114
"ISR"	541	222	43	69	87	11	27
"ITA"	782	29	12	58	112	7	1
"JAM"	49	7	602	0	49	198	96
"JPN"	830	1	16	50	41	57	5
"JOR"	6	777	53	149	7	0	7
"KAZ"	640	13	1	12	156	124	55
"KEN"	789	54	34	0	106	10	7
"PRK"	31	174	393	193	197	1	11
"KOR"	830	73	38	7	7	28	17
"KWT"	547	356	63	13	1	9	12
"KGZ"	499	109	26	0	332	21	13
"LAO"	476	120	8	0	378	9	9
"LVA"	79	459	2	407	1	4	48
"LBN"	15	51	5	182	65	281	401
"LSO"	780	77	62	1	78	0	2
"LBR"	828	6	53	39	50	7	16
"LBY"	263	703	20	2	3	0	9
"LTU"	424	228	5	95	58	187	2
"LUX"	799	114	13	5	8	26	36
"MKD"	87	35	637	71	9	117	45
"MDG"	897	7	60	25	1	2	8
"MWI"	902	0	43	45	7	1	1
"MYS"	508	156	125	52	4	94	60
"MLI"	833	17	84	5	21	16	22
"MLT"	403	195	1	336	51	14	1
"MRT"	622	2	120	2	137	64	52
"MUS"	34	184	311	70	396	1	4
"MEX"	163	21	720	27	25	6	38
"MDA"	51	11	878	0	31	2	26
"MNG"	175	249	146	366	54	1	9
"MNE"	7	271	68	11	450	75	118
"MAR"	56	91	327	276	204	1	45
"MOZ"	874	9	68	43	0	6	0
"MMR"	721	0	2	0	276	0	1
"NAM"	270	100	527	53	14	1	35
"NPL"	911	5	51	27	1	5	0
"NLD"	888	43	46	10	6	5	3
"NZL"	573	181	205	6	8	7	19
"NIC"	832	54	19	18	0	50	27
"NER"	702	101	82	4	56	19	35
"NGA"	765	1	44	56	126	6	2
"NOR"	505	151	239	0	85	1	19
"OMN"	480	341	29	25	60	27	39
"PAK"	214	667	36	51	15	1	17
"PAN"	156	207	512	60	23	42	0
"PNG"	624	26	1	8	78	149	114
"PRY"	378	155	286	43	27	62	50
"PER"	376	175	273	47	24	91	14
"PHL"	492	19	11	122	164	93	100
"POL"	732	13	16	26	48	164	0
"PRT"	446	0	1	129	130	118	176
"QAT"	511	338	122	2	3	11	13
"ROU"	240	14	385	52	299	4	7
"RUS"	685	7	6	56	204	24	18
"RWA"	888	10	34	55	9	2	1
"SAU"	484	419	41	3	2	26	25
"SEN"	548	20	36	43	254	52	47
"SRB"	334	1	195	19	193	238	20
"SLE"	846	5	48	48	36	4	13
"SGP"	743	120	39	35	41	11	12
"SVK"	711	75	0	142	64	4	3
"SVN"	835	101	0	8	4	37	14
"ZAF"	600	12	61	53	9	261	4
"ESP"	904	1	24	45	17	1	8
"LKA"	744	16	7	7	217	2	8
"SDN"	280	293	155	60	2	126	83
"SWE"	477	179	177	26	12	110	19
"CHE"	764	60	4	131	0	5	35
"SYR"	0	799	82	92	17	1	10
"TWN"	912	7	46	5	2	12	16
"TJK"	587	405	0	1	5	1	0
"TZA"	818	58	59	7	42	9	8
"THA"	0	4	530	62	81	89	234
"TGO"	843	10	53	76	9	0	8
"TTO"	578	4	3	35	2	212	165
"TUN"	47	433	428	40	2	48	1
"TUR"	4	108	429	19	427	1	12
"TKM"	444	391	23	41	43	34	24
"UGA"	759	100	79	1	50	4	7
"UKR"	518	19	43	259	141	19	0
"ARE"	456	227	170	5	1	67	73
"GBR"	832	91	25	14	11	2	23
"USA"	870	36	80	1	3	6	4
"URY"	22	82	138	231	436	91	0
"UZB"	19	21	55	686	2	67	150
"VEN"	462	140	110	119	160	6	3
"VNM"	611	2	130	75	116	18	48
"YEM"	48	737	126	73	5	3	6
"ZMB"	778	43	69	19	79	8	4
"ZWE"	750	1	52	26	156	9	6
"ALB"	390	1	346	95	4	123	41
"DZA"	2	520	236	131	60	6	43
"AGO"	856	0	19	48	64	5	8
"ARG"	256	115	220	136	258	12	2
"ARM"	10	79	430	318	62	0	101
"AUS"	820	71	33	0	72	1	3
"AUT"	747	121	95	9	4	22	3
"AZE"	40	382	260	18	208	66	26
"BGD"	442	29	339	12	132	10	36
"BLR"	761	122	18	2	95	1	2
"BEL"	895	1	96	3	4	1	1
"BEN"	748	17	75	15	33	40	71
"BTN"	174	336	5	223	105	113	44
"BOL"	57	144	245	158	162	53	182
"BIH"	82	3	342	4	507	61	1
"BWA"	154	91	720	4	5	1	24
"BRA"	170	271	19	279	202	24	35
"BGR"	567	15	11	156	181	47	23
"BFA"	899	24	68	0	3	1	4
"BDI"	918	14	34	26	6	2	0
"KHM"	863	8	0	88	8	9	24
"CMR"	522	0	42	216	1	82	137
"CAN"	760	78	92	16	47	3	5
"CAF"	807	92	57	0	41	0	2
"TCD"	801	93	74	4	18	4	5
"CHL"	152	334	13	199	159	110	33
"CHN"	76	24	385	32	93	274	117
"COL"	358	22	522	0	67	29	1
"COG"	699	42	60	25	8	68	98
"COD"	898	13	57	21	0	10	0
"CRI"	242	269	15	174	190	21	90
"CIV"	812	70	17	2	93	2	3
"HRV"	467	411	63	3	5	45	6
"CUB"	56	49	378	220	135	84	78
"CYP"	785	8	0	0	74	129	3
"CZE"	883	42	62	3	8	0	2
"DNK"	772	120	67	3	0	0	38
"DOM"	54	11	452	10	421	16	36
"ECU"	185	5	663	56	0	60	32
"EGY"	0	527	83	289	70	0	30
"SLV"	721	8	0	49	161	41	20
"EST"	857	67	39	24	5	7	1
"ETH"	857	24	90	7	17	4	1
"FIN"	703	43	165	62	20	0	8
"FRA"	646	105	49	4	81	107	7
"GAB"	253	67	88	1	3	89	500
"GMB"	913	22	36	22	5	1	1
"GEO"	574	1	347	58	10	1	10
"DEU"	872	45	28	26	13	16	0
"GHA"	598	122	1	0	146	73	60
"GRC"	735	92	3	26	82	32	31
"GTM"	801	24	4	66	3	53	49
"GIN"	856	72	59	0	9	1	4
"GNB"	843	59	71	0	5	9	12
"GUY"	743	14	14	14	77	79	60
"HTI"	726	6	6	11	147	56	49
"HND"	726	27	151	4	71	0	19
"HUN"	760	158	50	2	3	26	0
"ISL"	77	186	427	51	64	62	133
"IND"	346	213	300	30	8	30	72
"IDN"	515	20	155	197	54	35	24
"IRN"	258	474	18	36	0	131	83
"IRQ"	10	845	53	24	4	32	34
"IRL"	668	31	25	65	84	3	124
"ISR"	514	235	13	137	29	69	4
"ITA"	750	11	21	10	195	0	14
"JAM"	2	0	196	317	369	14	103
"JPN"	773	0	22	101	73	29	1
"JOR"	5	898	25	51	0	14	6
"KAZ"	581	18	0	24	128	136	112
"KEN"	766	56	25	0	127	16	10
"PRK"	44	173	243	346	100	17	79
"KOR"	805	72	30	2	14	41	36
"KWT"	531	383	82	0	0	2	1
"KGZ"	243	104	328	155	37	29	102
"LAO"	512	122	17	3	342	3	2
"LVA"	101	536	1	296	20	41	4
"LBN"	79	173	252	52	2	154	289
"LSO"	810	77	51	0	62	0	0
"LBR"	847	4	40	32	64	3	9
"LBY"	237	686	30	6	1	8	33
"LTU"	407	257	3	174	12	108	39
"LUX"	777	109	75	15	2	10	13
"MKD"	143	41	690	20	33	68	4
"MDG"	924	5	46	20	3	0	3
"MWI"	926	0	33	35	3	3	0
"MYS"	486	155	66	56	9	152	75
"MLI"	849	17	72	1	34	12	15
"MLT"	465	201	3	116	142	1	72
"MRT"	682	0	93	1	149	40	34
"MUS"	29	192	272	60	439	8	0
"MEX"	191	30	653	21	59	24	22
"MDA"	33	1	623	37	0	225	81
"MNG"	163	250	146	398	41	1	2
"MNE"	59	274	77	154	121	136	178
"MAR"	56	83	374	180	284	0	23
"MOZ"	869	7	65	54	0	4	0
"MMR"	707	0	11	34	169	40	39
"NAM"	198	80	614	56	6	0	47
"NPL"	916	12	33	5	6	20	8
"NLD"	861	47	66	13	12	0	1
"NZL"	599	195	200	1	0	2	3
"NIC"	826	26	10	65	1	39	32
"NER"	660	133	81	29	32	30	36
"NGA"	782	1	48	63	101	4	1
"NOR"	414	150	119	38	137	28	113
"OMN"	476	310	29	44	77	24	40
"PAK"	212	719	15	15	34	6	0
"PAN"	300	145	472	41	25	11	6
"PNG"	699	17	10	7	102	96	69
"PRY"	406	163	231	103	65	23	10
"PER"	202	151	463	157	0	24	4
"PHL"	678	37	54	64	69	53	44
"POL"	770	27	8	56	32	106	2
"PRT"	373	0	0	135	154	161	176
"QAT"	455	276	157	12	0	44	55
"ROU"	198	14	375	37	375	0	0
"RUS"	686	9	8	44	222	17	13
"RWA"	914	12	28	39	4	4	0
"SAU"	425	392	18	21	13	62	70
"SEN"	714	43	84	1	145	11	2
"SRB"	483	2	114	203	120	42	36
"SLE"	863	4	36	38	49	1	7
"SGP"	503	110	103	212	0	35	37
"SVK"	799	167	2	13	13	5	0
"SVN"	795	75	0	10	1	83	37
"ZAF"	609	1	34	62	1	283	10
"ESP"	791	3	35	0	85	30	57
"LKA"	710	20	2	1	263	2	1
"SDN"	294	345	106	76	6	108	64
"SWE"	390	194	215	12	6	174	10
"CHE"	752	127	17	63	3	21	17
"SYR"	0	793	97	66	16	7	20
"TWN"	902	8	41	11	0	16	22
"TJK"	508	413	3	8	19	26	24
"TZA"	830	46	65	0	48	7	4
"THA"	0	1	541	8	161	87	202
"TGO"	828	38	35	25	72	2	0
"TTO"	608	9	2	12	0	200	169
"TUN"	26	600	254	86	2	32	0
"TUR"	7	110	414	19	418	11	20
"TKM"	451	357	27	39	46	33	47
"UGA"	803	90	63	1	39	1	2
"UKR"	552	5	3	269	114	11	45
"ARE"	447	312	144	17	1	34	45
"GBR"	749	78	30	42	30	3	68
"USA"	860	35	85	4	2	7	7
"URY"	14	112	37	286	497	52	1
"UZB"	25	18	179	663	4	37	75
"VEN"	579	209	116	5	11	75	5
"VNM"	598	2	228	45	81	9	37
"YEM"	52	818	91	18	0	20	2
"ZMB"	777	33	71	30	79	7	2
"ZWE"	773	1	75	28	116	3	5
"ALB"	747	15	174	9	30	22	2
"DZA"	0	606	180	120	79	0	16
"AGO"	652	0	82	0	144	44	77
"ARG"	312	143	107	75	190	135	38
"ARM"	27	151	289	36	332	153	12
"AUS"	831	77	45	0	47	0	0
"AUT"	730	116	104	13	3	27	6
"AZE"	2	143	29	133	296	214	183
"BGD"	381	26	380	4	156	10	42
"BLR"	799	86	3	44	32	13	24
"BEL"	897	3	75	23	0	0	2
"BEN"	830	12	82	0	19	20	37
"BTN"	118	315	24	506	16	16	5
"BOL"	103	109	33	0	19	22	713
"BIH"	70	1	295	1	515	104	15
"BWA"	262	34	612	40	7	33	12
"BRA"	111	256	26	344	183	4	75
"BGR"	438	0	0	12	509	1	41
"BFA"	898	22	69	1	3	2	6
"BDI"	902	20	37	23	15	2	0
"KHM"	754	17	29	17	40	59	84
"CMR"	791	2	7	106	18	31	45
"CAN"	756	78	94	16	44	5	8
"CAF"	816	83	56	0	43	0	2
"TCD"	802	90	79	3	13	6	8
"CHL"	210	354	7	117	40	178	94
"CHN"	159	59	313	16	23	313	117
"COL"	294	61	556	2	13	72	2
"COG"	817	45	48	3	62	9	17
"COD"	897	13	59	20	1	11	0
"CRI"	299	269	3	77	307	5	39
"CIV"	814	63	25	7	91	1	0
"HRV"	282	378	54	124	85	58	20
"CUB"	14	40	723	12	3	88	119
"CYP"	795	29	6	54	14	35	68
"CZE"	881	33	56	12	12	1	3
"DNK"	709	158	88	1	3	0	40
"DOM"	48	48	373	10	520	0	0
"ECU"	58	4	762	28	61	19	66
"EGY"	0	618	43	180	141	18	0
"SLV"	478	8	9	172	24	157	152
"EST"	753	70	26	65	28	30	28
"ETH"	854	33	88	1	14	7	3
"FIN"	721	25	116	102	13	21	1
"FRA"	662	103	35	5	84	93	18
"GAB"	89	146	137	15	8	58	547
"GMB"	897	35	52	9	1	1	5
"GEO"	662	1	209	119	5	4	0
"DEU"	903	6	48	12	20	8	2
"GHA"	614	176	45	120	36	6	2
"GRC"	601	66	5	2	210	0	116
"GTM"	675	35	9	59	78	43	102
"GIN"	850	72	63	1	7	2	6
"GNB"	822	62	78	0	8	14	17
"GUY"	499	70	149	155	104	0	21
"HTI"	805	6	5	86	92	5	0
"HND"	808	26	97	0	63	0	6
"HUN"	417	17	86	365	97	17	2
"ISL"	58	183	412	65	73	51	158
"IND"	253	202	336	59	0	46	105
"IDN"	383	16	329	16	225	2	30
"IRN"	355	540	3	26	0	58	19
"IRQ"	0	732	137	36	39	25	32
"IRL"	654	28	17	65	109	4	124
"ISR"	538	233	19	113	39	58	0
"ITA"	665	11	34	4	227	17	41
"JAM"	13	0	42	313	311	115	206
"JPN"	817	0	16	75	49	42	1
"JOR"	5	882	10	9	18	40	36
"KAZ"	627	38	0	118	78	102	36
"KEN"	779	71	10	2	80	30	28
"PRK"	37	143	124	427	38	67	165
"KOR"	696	57	7	8	34	95	103
"KWT"	554	280	77	6	66	10	7
"KGZ"	476	151	166	60	141	4	1
"LAO"	376	120	146	133	117	31	78
"LVA"	131	541	21	202	22	78	4
"LBN"	84	40	383	241	190	28	34
"LSO"	800	82	57	0	59	0	1
"LBR"	832	4	44	33	69	5	12
"LBY"	315	577	8	29	47	17	7
"LTU"	220	203	18	1	78	329	152
"LUX"	781	109	75	12	1	10	13
"MKD"	73	18	446	125	207	4	126
"MDG"	919	7	49	19	1	0	4
"MWI"	924	0	38	33	2	2	1
"MYS"	548	176	41	0	153	77	5
"MLI"	814	22	82	0	41	19	22
"MLT"	564	125	1	74	152	0	84
"MRT"	626	1	105	4	164	55	45
"MUS"	15	283	400	21	204	42	34
"MEX"	93	26	154	197	171	135	223
"MDA"	45	19	812	55	9	53	7
"MNG"	251	303	90	320	6	2	28
"MNE"	29	506	22	35	407	1	1
"MAR"	51	67	428	184	253	4	12
"MOZ"	896	15	54	18	0	14	3
"MMR"	598	0	59	58	108	76	101
"NAM"	135	148	565	109	2	34	7
"NPL"	887	21	14	1	7	41	30
"NLD"	890	50	35	0	1	12	12
"NZL"	514	231	185	18	14	1	37
"NIC"	873	19	24	57	0	16	11
"NER"	726	134	9	125	4	0	2
"NGA"	787	1	38	48	126	0	0
"NOR"	474	139	71	48	132	30	107
"OMN"	514	366	52	6	45	7	10
"PAK"	207	722	7	4	43	15	3
"PAN"	51	120	737	41	40	7	4
"PNG"	475	20	138	77	278	2	11
"PRY"	365	161	161	194	117	1	1
"PER"	169	112	429	208	14	3	66
"PHL"	651	17	115	13	182	14	7
"POL"	819	21	3	17	47	82	12
"PRT"	245	3	18	62	198	262	211
"QAT"	456	304	146	16	0	33	45
"ROU"	46	2	88	402	33	209	220
"RUS"	673	2	8	106	181	20	9
"RWA"	912	14	33	36	2	1	1
"SAU"	431	367	17	32	20	60	72
"SEN"	594	38	110	101	9	50	99
"SRB"	357	1	33	380	46	0	185
"SLE"	858	9	45	29	45	3	11
"SGP"	713	127	58	75	26	1	0
"SVK"	708	92	0	139	60	0	0
"SVN"	773	78	8	85	23	30	3
"ZAF"	567	0	56	105	0	266	6
"ESP"	512	10	38	23	189	114	113
"LKA"	777	14	6	20	171	2	10
"SDN"	293	353	117	48	7	108	74
"SWE"	436	230	192	1	1	88	53
"CHE"	628	101	32	159	29	49	1
"SYR"	0	839	11	2	6	74	68
"TWN"	915	8	50	6	0	9	12
"TJK"	396	271	57	49	41	77	110
"TZA"	831	53	66	3	38	6	4
"THA"	2	2	409	68	23	156	339
"TGO"	710	43	5	31	1	92	118
"TTO"	643	5	0	49	3	175	126
"TUN"	4	571	197	203	1	1	23
"TUR"	16	149	378	0	454	2	0
"TKM"	457	407	33	12	31	28	33
"UGA"	809	84	65	0	37	1	3
"UKR"	448	25	40	346	140	0	1
"ARE"	457	340	132	16	2	22	31
"GBR"	737	75	19	61	41	5	62
"USA"	868	28	79	15	1	3	6
"URY"	79	116	0	292	479	25	9
"UZB"	3	12	81	576	2	131	195
"VEN"	549	115	149	0	6	142	39
"VNM"	356	0	493	47	1	55	49
"YEM"	44	822	67	9	1	44	14
"ZMB"	795	42	75	15	60	9	5
"ZWE"	682	0	100	35	145	14	24
"ALB"	465	18	186	47	0	196	88
"DZA"	2	510	163	226	22	16	61
"AGO"	633	0	108	0	158	29	71
"ARG"	375	119	97	5	146	158	99
"ARM"	4	157	265	74	325	160	14
"AUS"	813	89	72	8	6	6	7
"AUT"	674	148	159	12	4	3	0
"AZE"	34	267	239	3	376	62	18
"BGD"	363	28	387	4	165	10	43
"BLR"	674	90	27	5	117	12	74
"BEL"	808	2	134	0	6	36	13
"BEN"	903	19	51	2	16	2	8
"BTN"	59	297	76	534	6	20	8
"BOL"	67	121	214	267	234	66	30
"BIH"	126	0	284	4	504	81	1
"BWA"	67	242	480	20	13	153	25
"BRA"	72	393	8	329	131	51	15
"BGR"	536	3	4	14	427	7	9
"BFA"	926	16	54	2	1	0	1
"BDI"	880	30	29	12	41	8	1
"KHM"	742	19	24	23	51	57	83
"CMR"	882	5	8	51	34	6	14
"CAN"	742	81	107	15	43	3	8
"CAF"	829	87	51	0	32	0	0
"TCD"	834	83	67	3	7	2	4
"CHL"	113	275	9	396	126	12	68
"CHN"	263	2	207	34	16	363	114
"COL"	341	81	490	2	6	70	10
"COG"	615	47	68	35	1	80	153
"COD"	780	14	10	8	32	83	72
"CRI"	294	256	2	11	432	4	0
"CIV"	730	66	0	35	7	63	98
"HRV"	144	268	5	100	238	150	95
"CUB"	36	72	768	2	0	48	74
"CYP"	408	50	27	215	10	22	268
"CZE"	878	33	53	15	12	3	6
"DNK"	476	236	116	0	30	56	85
"DOM"	50	50	456	0	407	11	26
"ECU"	74	4	718	24	72	34	75
"EGY"	0	635	26	133	172	30	4
"SLV"	581	10	1	132	62	115	100
"EST"	833	71	72	12	9	3	0
"ETH"	843	35	88	0	18	10	5
"FIN"	661	25	155	128	4	25	0
"FRA"	600	98	34	0	122	136	11
"GAB"	59	141	265	103	343	71	17
"GMB"	925	16	29	26	1	3	0
"GEO"	245	0	500	2	81	42	130
"DEU"	895	8	53	10	18	7	9
"GHA"	448	130	113	226	1	12	70
"GRC"	519	58	7	12	254	6	144
"GTM"	667	36	3	60	87	44	103
"GIN"	876	66	52	0	4	0	2
"GNB"	870	49	60	0	9	4	7
"GUY"	296	66	282	191	137	2	25
"HTI"	798	7	4	77	104	9	2
"HND"	863	34	65	8	26	5	0
"HUN"	318	40	27	283	79	174	79
"ISL"	54	197	557	29	42	17	103
"IND"	234	211	337	57	1	52	107
"IDN"	447	14	270	25	227	1	16
"IRN"	370	605	1	0	4	20	0
"IRQ"	2	732	113	34	46	38	35
"IRL"	518	17	15	140	80	28	202
"ISR"	548	249	41	48	75	29	11
"ITA"	511	6	52	1	283	48	99
"JAM"	16	0	29	312	301	126	215
"JPN"	760	0	21	102	62	36	19
"JOR"	11	905	19	47	2	7	9
"KAZ"	817	0	50	23	109	0	0
"KEN"	801	67	26	0	75	19	13
"PRK"	71	116	63	419	15	115	200
"KOR"	703	58	10	7	37	90	96
"KWT"	535	291	59	14	48	29	25
"KGZ"	203	107	283	205	8	60	135
"LAO"	247	101	278	131	110	34	98
"LVA"	67	565	45	243	4	77	0
"LBN"	105	75	361	119	194	96	51
"LSO"	816	83	49	0	51	1	0
"LBR"	842	3	35	30	81	2	7
"LBY"	218	738	16	3	4	0	21
"LTU"	208	184	34	4	50	373	147
"LUX"	768	107	82	15	1	11	16
"MKD"	135	7	483	129	117	4	126
"MDG"	933	6	41	15	3	0	1
"MWI"	938	0	33	25	1	4	0
"MYS"	528	167	8	18	258	18	4
"MLI"	837	19	70	0	48	11	14
"MLT"	721	32	23	81	80	38	25
"MRT"	636	1	93	6	185	44	35
"MUS"	3	231	428	67	147	71	54
"MEX"	161	38	659	36	105	0	1
"MDA"	60	28	779	66	18	43	5
"MNG"	277	247	74	356	20	26	0
"MNE"	18	156	14	79	511	78	144
"MAR"	46	80	465	211	175	1	22
"MOZ"	900	15	51	18	1	12	2
"MMR"	700	0	11	11	236	21	21
"NAM"	204	145	540	28	18	64	0
"NPL"	875	28	34	4	47	10	2
"NLD"	876	37	55	19	8	4	1
"NZL"	506	215	163	28	27	3	57
"NIC"	879	23	40	0	27	9	21
"NER"	724	141	11	53	28	27	18
"NGA"	769	2	20	23	167	5	14
"NOR"	384	133	392	37	10	37	8
"OMN"	462	342	29	25	72	30	40
"PAK"	211	715	3	1	46	18	7
"PAN"	27	85	529	142	107	23	86
"PNG"	347	5	310	43	268	0	27
"PRY"	373	162	210	145	100	8	1
"PER"	125	122	427	239	27	0	60
"PHL"	587	1	118	1	290	0	3
"POL"	824	22	0	4	68	37	44
"PRT"	139	1	8	214	49	273	317
"QAT"	406	391	19	23	52	49	59
"ROU"	92	12	54	310	15	233	284
"RUS"	670	11	9	27	249	18	16
"RWA"	926	14	28	29	0	3	0
"SAU"	428	363	19	34	24	61	72
"SEN"	652	24	106	51	17	57	92
"SRB"	264	0	12	414	17	10	284
"SLE"	872	14	43	16	47	2	7
"SGP"	756	92	74	30	48	0	0
"SVK"	612	111	1	147	76	36	18
"SVN"	647	68	32	171	58	0	24
"ZAF"	447	0	2	397	32	39	83
"ESP"	570	18	34	13	198	81	86
"LKA"	524	8	64	147	28	79	150
"SDN"	382	460	34	88	28	8	0
"SWE"	332	239	224	1	1	126	77
"CHE"	535	106	37	214	39	68	1
"SYR"	6	648	2	20	23	156	143
"TWN"	914	7	58	4	0	7	9
"TJK"	413	168	45	1	287	36	50
"TZA"	823	59	34	24	16	20	24
"THA"	11	3	368	65	17	176	360
"TGO"	832	39	1	2	10	58	58
"TTO"	692	3	4	121	15	109	55
"TUN"	3	750	103	103	11	30	1
"TUR"	32	100	321	19	500	10	17
"TKM"	456	426	40	5	25	24	24
"UGA"	833	82	56	1	28	0	1
"UKR"	446	9	4	324	105	26	85
"ARE"	485	361	119	4	9	9	13
"GBR"	729	80	11	64	45	4	66
"USA"	857	22	83	28	0	2	7
"URY"	17	133	0	223	548	77	2
"UZB"	10	14	153	598	7	85	133
"VEN"	542	118	158	11	18	121	32
"VNM"	376	0	399	64	1	77	82
"YEM"	36	658	11	20	26	137	111
"ZMB"	813	42	38	1	30	39	37
"ZWE"	851	0	9	19	34	35	52
"ALB"	289	27	478	59	106	2	40
"DZA"	8	482	151	247	12	26	74
"AGO"	757	0	73	51	103	5	11
"ARG"	394	117	175	43	234	33	4
"ARM"	6	69	391	396	28	0	109
"AUS"	804	90	80	8	1	7	10
"AUT"	619	128	174	58	20	0	1
"AZE"	17	114	404	208	13	65	180
"BGD"	386	35	389	27	147	1	15
"BLR"	697	150	0	11	95	35	12
"BEL"	745	2	148	2	11	70	23
"BEN"	887	17	67	5	16	2	6
"BTN"	47	296	85	542	2	21	7
"BOL"	50	128	229	289	248	38	18
"BIH"	64	3	97	0	611	185	41
"BWA"	4	99	493	150	83	65	104
"BRA"	33	427	16	361	108	24	31
"BGR"	603	3	46	3	264	65	16
"BFA"	909	20	62	2	3	0	3
"BDI"	867	20	25	27	48	12	1
"KHM"	810	23	17	10	46	40	55
"CMR"	885	5	4	44	46	5	11
"CAN"	754	91	77	0	76	1	0
"CAF"	823	86	55	0	35	0	2
"TCD"	808	92	78	4	6	5	8
"CHL"	154	338	22	367	79	2	37
"CHN"	355	2	145	38	13	361	84
"COL"	283	96	594	2	10	14	1
"COG"	610	52	59	39	1	91	148
"COD"	771	16	8	9	33	87	76
"CRI"	262	312	0	50	370	1	5
"CIV"	647	71	1	68	0	81	131
"HRV"	72	273	1	98	214	191	150
"CUB"	36	123	363	231	121	45	81
"CYP"	308	74	10	269	17	32	289
"CZE"	844	22	39	52	24	12	9
"DNK"	328	203	145	9	55	105	156
"DOM"	50	41	314	31	560	3	3
"ECU"	44	8	790	16	71	22	49
"EGY"	0	603	13	87	202	69	26
"SLV"	635	4	0	86	73	111	91
"EST"	791	64	45	36	26	15	23
"ETH"	832	42	81	0	20	16	9
"FIN"	644	41	200	112	3	0	1
"FRA"	535	107	39	1	105	213	1
"GAB"	35	239	415	26	221	24	41
"GMB"	918	16	34	29	0	2	1
"GEO"	220	0	461	2	90	66	162
"DEU"	873	8	64	12	19	4	20
"GHA"	538	167	84	183	7	0	22
"GRC"	386	51	3	24	306	32	198
"GTM"	603	36	14	58	107	60	123
"GIN"	853	76	61	0	5	1	5
"GNB"	834	58	73	0	12	9	14
"GUY"	235	77	282	223	159	5	20
"HTI"	785	8	1	80	115	10	2
"HND"	679	27	138	10	77	17	51
"HUN"	194	3	74	521	101	74	33
"ISL"	75	196	593	17	37	17	65
"IND"	230	266	352	33	1	41	76
"IDN"	445	20	188	151	167	18	11
"IRN"	381	472	0	25	8	77	36
"IRQ"	6	715	112	50	24	53	39
"IRL"	498	27	16	83	117	52	208
"ISR"	459	277	54	21	138	0	51
"ITA"	322	2	62	17	339	101	157
"JAM"	80	7	680	24	175	25	11
"JPN"	727	0	27	120	66	25	36
"JOR"	13	873	26	84	0	1	2
"KAZ"	625	35	3	128	72	94	44
"KEN"	770	66	10	11	29	57	58
"PRK"	98	110	57	394	17	125	198
"KOR"	797	70	32	2	13	49	37
"KWT"	503	275	113	6	102	0	2
"KGZ"	224	89	272	238	7	46	125
"LAO"	210	115	294	156	101	30	94
"LVA"	74	555	57	206	1	106	1
"LBN"	171	113	359	55	197	90	15
"LSO"	805	86	55	0	52	0	1
"LBR"	836	5	41	31	75	2	10
"LBY"	275	569	53	8	1	10	84
"LTU"	250	370	3	219	16	138	4
"LUX"	687	89	103	40	5	30	46
"MKD"	29	1	214	231	133	112	278
"MDG"	925	7	46	18	2	0	3
"MWI"	929	2	40	21	5	3	0
"MYS"	468	142	40	43	30	185	93
"MLI"	827	20	76	0	46	13	18
"MLT"	388	116	1	7	230	43	215
"MRT"	578	3	107	11	194	59	48
"MUS"	1	208	498	106	136	26	25
"MEX"	124	25	761	4	84	1	1
"MDA"	57	53	434	290	1	94	71
"MNG"	313	237	60	331	31	27	0
"MNE"	6	163	30	60	458	93	190
"MAR"	52	122	463	117	235	10	2
"MOZ"	904	17	28	9	2	28	13
"MMR"	520	0	28	21	407	3	20
"NAM"	148	154	589	73	4	26	6
"NPL"	817	39	8	13	17	56	50
"NLD"	769	30	83	66	28	4	20
"NZL"	462	203	159	39	39	9	90
"NIC"	645	30	57	33	40	74	122
"NER"	744	111	1	119	2	9	15
"NGA"	766	1	42	47	143	1	0
"NOR"	335	108	384	69	1	72	30
"OMN"	511	347	110	6	13	4	8
"PAK"	212	723	3	2	42	14	5
"PAN"	34	114	745	31	45	8	23
"PNG"	268	14	293	84	322	2	17
"PRY"	361	163	260	100	79	23	14
"PER"	86	118	474	224	26	1	72
"PHL"	423	0	215	76	156	45	85
"POL"	758	18	1	2	108	3	109
"PRT"	121	0	18	205	145	246	264
"QAT"	398	390	17	22	53	57	64
"ROU"	7	2	109	493	13	161	214
"RUS"	678	5	13	81	201	16	6
"RWA"	918	15	33	32	0	2	1
"SAU"	505	392	54	7	8	18	16
"SEN"	568	20	20	54	218	56	65
"SRB"	117	2	22	584	2	16	257
"SLE"	858	16	48	18	47	3	11
"SGP"	768	67	58	0	98	0	8
"SVK"	458	59	3	314	136	18	12
"SVN"	596	86	32	189	78	6	13
"ZAF"	578	13	17	195	24	161	12
"ESP"	458	52	17	37	304	63	69
"LKA"	633	16	65	88	82	40	77
"SDN"	387	463	34	82	29	4	0
"SWE"	305	208	251	4	1	207	24
"CHE"	459	103	24	271	55	87	1
"SYR"	17	640	6	21	24	156	135
"TWN"	910	8	56	6	0	9	10
"TJK"	360	168	39	248	53	42	91
"TZA"	817	65	45	23	15	16	18
"THA"	47	12	345	69	26	135	365
"TGO"	815	41	43	34	64	0	2
"TTO"	712	4	16	168	26	57	16
"TUN"	0	738	50	63	22	91	36
"TUR"	53	131	300	0	515	0	0
"TKM"	439	395	28	17	40	39	43
"UGA"	834	76	57	0	32	0	2
"UKR"	124	36	2	596	1	65	176
"ARE"	576	291	73	38	1	8	12
"GBR"	549	69	9	117	87	44	124
"USA"	896	27	63	7	7	0	0
"URY"	224	64	0	103	559	0	50
"UZB"	0	13	317	478	36	68	88
"VEN"	398	78	3	206	134	4	176
"VNM"	319	1	434	76	1	89	81
"YEM"	34	729	19	4	12	117	85
"ZMB"	806	48	39	0	23	43	41
"ZWE"	863	0	13	10	40	32	42

----------------------------------------------------------------------------------------------------


                    Contribuciones de las columnas del segundo cubo en todas las repeticiones

Axis	1	2	3	4	5	6	7
"Bd"	665	313	2	8	11	0	0
"RW"	307	667	20	6	0	0	0
"Cs"	928	58	8	5	0	0	0
"EU"	993	0	7	0	0	0	0
"ES"	863	23	22	24	1	35	32
"Gr"	999	0	1	0	0	0	0
"RE"	980	1	19	0	0	0	0
"Bd"	643	337	1	4	13	0	0
"RW"	319	655	19	6	0	0	0
"Cs"	931	49	12	8	0	0	0
"EU"	993	0	6	0	0	0	0
"ES"	661	36	286	5	0	5	7
"Gr"	999	0	1	0	0	0	0
"RE"	980	1	19	0	0	0	0
"Bd"	641	346	0	3	8	0	1
"RW"	324	653	19	4	0	0	0
"Cs"	947	43	7	2	0	1	0
"EU"	994	0	5	0	0	0	0
"ES"	17	44	912	0	20	2	3
"Gr"	999	0	1	0	0	0	0
"RE"	979	1	20	0	0	0	0
"Bd"	670	313	1	6	9	0	0
"RW"	323	653	20	3	0	0	0
"Cs"	933	52	10	5	0	0	0
"EU"	994	0	6	0	0	0	0
"ES"	896	14	6	44	27	9	4
"Gr"	999	0	1	0	0	0	0
"RE"	981	1	18	0	0	0	0
"Bd"	712	272	3	3	10	0	0
"RW"	312	667	18	3	0	0	0
"Cs"	944	49	6	1	0	0	0
"EU"	994	0	6	0	0	0	0
"ES"	926	0	4	57	0	8	3
"Gr"	999	0	1	0	0	0	0
"RE"	977	2	21	0	0	0	0
"Bd"	702	266	9	7	15	1	0
"RW"	320	659	17	4	0	0	0
"Cs"	931	56	10	3	0	0	0
"EU"	994	0	6	0	0	0	0
"ES"	921	4	26	40	0	3	6
"Gr"	999	0	1	0	0	0	0
"RE"	976	2	22	0	0	0	0
