	CIANOF	CRISOF	HAPTOF	CRASP	CRIPTOF	DINOF	DIATOM	EUGLEN	PRASIN	CLOROF	ZIGOF	XANTOF	ALGAS
AO	1.626340367	1.731588765	2.121887985	0.84509804	2.518908574	0.919078092	2.766189693	0	0	2.032618761	0.698970004	3.223132362	1.73239376
A2	0	1.807535028	2.131297797	1.838849091	1.73479983	0.886490725	2.62838893	1.120573931	0.505149978	2.476976466	0.819543936	2.779380011	0.908485019
A5	0	2.096910013	2.225309282	1.414973348	2.136720567	1.113943352	2.579783597	1.041392685	0.477121255	2.10720997	1.204119983	2.603144373	1.602059991
A10	0	2.405517107	2.301680949	1.374748346	2.344392274	1.278753601	2.559068334	0.919078092	0.477121255	1.799340549	1.385606274	2.301680949	1.851258349
A15	0	1.903632516	1.789580712	1.866877814	2.205475037	1.326335861	2.764922985	0.908485019	0.908485019	1.866877814	0.342422681	2.460446784	1.462397998
A20	1.73479983	1.806179974	2.448397103	1.596597096	2.204933522	1.374748346	2.848989206	0.954242509	0.886490725	2.009875634	0.755874856	2.755264891	2.041392685
A45	2.499274582	1.113943352	0	0.799340549	1.068185862	1.155336037	2.983941859	0.799340549	0.954242509	1.322219295	1.26245109	1.552668216	0.568201724
B0	0.799340549	1.598790507	1.715167358	2.227886705	1.612783857	0.954242509	3.006765452	0	0	2.284881715	0	3.503722606	1.579783597
B2	0	1.46686762	1.346352974	2.310268367	2.281033367	1.155336037	3.053462605	0	0	2.261738547	1.285557309	3.421669724	2.26245109
B5	0	1.808210973	1.888179494	2.14082218	2.247973266	1.068185862	3.024608796	0.361727836	0	2.180985581	1.012837225	3.353473829	2.037426498
B10	1.230448921	1.230448921	0	2.169380495	1.962369336	1.068185862	3.022428371	0	0	2.061829307	1.419955748	3.396913862	2.309630167
B15	0	1.804139432	1.888179494	2.48301642	2.161368002	1.552668216	3.032215703	0	0.361727836	2.462847036	1.113943352	3.369494162	2.691081492
B20	0	1.707570176	0	2.36361198	1.897627091	1.322219295	2.945468585	0	0.477121255	1.959041392	1.204119983	3.087071206	2.401400541
B44	2.848189117	1.653212514	0	2.217483944	1.068185862	0.698970004	2.857151503	1.068185862	0.568201724	1.678518379	1.26245109	2.011993115	1.113943352
C0	0.995635195	1.896526217	1.63748973	0	2.488127496	1.506505032	3.358125285	0.886490725	0	2.2757719	1.322219295	3.891453824	1.86923172
C2	0	1.946943271	1.178976947	1.178976947	2.557507202	1.322219295	3.360233561	0.73239376	0	2.098297536	0.886490725	3.683092087	2.127104798
C5	0	1.716837723	1.63748973	0	2.535547279	1.365487985	3.395798006	0	0	2.035429738	1.563481085	3.630356673	1.591064607
C10	0	2.135768515	1.759667845	1.933487288	2.455453969	1.612783857	3.3706426	1.155336037	0	2.513617074	1.752816431	3.727817686	2.305351369
C15	0	2.096214585	1.999565488	1.442479769	2.434728542	1.404833717	3.346978534	0.886490725	0	2.279438788	1.588831726	3.688152756	2.08278537
C20	0	1.826074803	1.770852012	1.806179974	2.212187604	1.230448921	3.143951116	0.77815125	0	1.939519253	1.380211242	3.441066407	2.08278537
C43	1.155336037	1.73239376	1.255272505	2.001733713	1.701567985	0.886490725	2.76514679	0.633468456	0	1.658011397	0.954242509	2.809896247	2.079181246
D0	0	2.182129214	2.649529566	2.679427897	1.899273187	1.414973348	3.468745989	0	0	2.234010818	1.646403726	3.872319467	2.438858659
D2	0	2.01494035	2.194514342	2.644832329	2.416640507	1.08278537	3.455210428	0	0	2.174931594	1.53529412	3.756704556	2.367355921
D5	0	2.176669933	2.531734309	2.549371152	2.40534636	1.274157849	3.454829621	0	0	2.354492601	1.274157849	3.856166783	2.624282096
D10	0	2.056523724	1.855519156	1.855519156	2.554852434	1.475671188	3.507693993	0.886490725	0	1.96425963	1.657055853	3.746922077	1.908485019
D15	0	2.15896526	2.194514342	2.742096402	2.478566496	1.365487985	3.502863926	0	0	2.388456453	1.563481085	3.821480775	1.755874856
D20	0	1.931457871	1.933487288	1.53529412	2.521268876	0.995635195	3.444200989	1.155336037	0.505149978	2.07114529	1.08278537	3.39839144	2.399673721
D43	1.012837225	1.822168079	1.63748973	1.068185862	1.73479983	1.068185862	2.941660478	0.698970004	0	1.626340367	1.155336037	3.055875039	2.271841607
E0	0	2.281033367	2.89114703	1.247973266	2.63113925	1.385606274	3.596344142	0	0	1.851258349	1.442479769	3.634648536	2.624282096
E2	0	2.703892954	2.870988814	1.678518379	2.483301952	1.155336037	3.583312152	0.633468456	0	2.461948495	1.808210973	3.600602662	2.390935107
E5	0	2.638389408	2.832125543	1.346352974	2.69399061	1.612783857	3.623352682	0.633468456	0.633468456	1.890421019	1.491361694	3.866724368	2.488550717
E10	0	2.16790781	2.46612587	1.764922985	2.790777601	1.247973266	3.623786656	0.968482949	0	1.338456494	1.480006943	3.706632451	2.679427897
E15	0	1.946943271	1.73239376	1.58546073	2.658202253	1.53529412	3.447313109	0.716003344	0.716003344	1.830588669	0.716003344	3.33725954	2.344392274
E20	0	1.933487288	1.73239376	1.630427875	2.589391023	0	3.515900324	0.968482949	0	2.076276255	1.707570176	3.163906433	1.925827575
E45	1.068185862	1.850033258	0.977723605	1.155336037	1.980911938	1.113943352	3.062318696	0.568201724	0.361727836	1.830588669	1.442479769	2.677515705	2.294466226
F0	0	1.927370363	2.92890769	0.633468456	2.473778835	1.155336037	3.385195018	0.633468456	0	2.211387553	1.041392685	2.557988148	2.123851641
F2	0	2.458637849	2.895090897	0	2.224533063	0.886490725	3.418467021	0	0	1.322219295	1.442479769	3.139564266	2.269512944
F5	0	2.099680641	2.960280464	1.346352974	2.696967641	0	3.523876476	0	0	1.612783857	0.633468456	3.183952786	2.539577883
F10	0	2.347330015	2.92890769	1.439332694	2.714078165	1.480006943	3.700859412	1.130333768	0	2.383456297	1.58546073	3.48784512	2.478566496
F15	0	2.199206479	2.379305518	1.773054693	2.646109522	1.414973348	3.51054501	1.130333768	0	2.166726056	0	3.613683291	2.34084055
F20	0	2.118264726	2.029383778	1.646403726	2.738542741	1.041392685	3.502563669	0.633468456	0	2.159266331	1.53529412	3.189939255	2.492760389
F44	1.542825427	1.908485019	1.255272505	1.068185862	1.949390007	0.361727836	3.031691169	1.113943352	0.568201724	2.311753861	1.612783857	2.742096402	2.515873844
G0	0	2.263872677	1.933487288	1.322219295	1.274157849	0	3.217457623	0	0	1.178976947	1.08278537	2.382557322	2.087781418
G2	0	2.331022171	1.515873844	1.103803721	1.830588669	0.431363764	3.238297068	0	0	1.563481085	1.356025857	1.73239376	1.963787827
G5	1.752816431	2.26810973	1.933487288	1.155336037	2.303196057	0	3.403103355	0.505149978	0	1.338456494	1.475671188	1.46686762	2.136403448
G10	0	1.948901761	1.678518379	0	2.265525335	1.041392685	3.592654108	0.886490725	0	1.442479769	0	2.832125543	2.260071388
G15	2.303196057	2.384711743	2.282848603	1.247973266	2.411114419	0	3.633569443	1.155336037	0.633468456	1.942999593	1.57634135	2.960280464	2.190331698
G20	0	2.032215703	1.346352974	1.57634135	2.510946949	1.385606274	3.51644282	1.041392685	0	2.08278537	1.247973266	3.03430753	2.26245109
G44	0.995635195	1.506505032	0	0	1.678518379	0	3.095308861	1.155336037	0.73239376	2.434728542	1.365487985	2.513350799	1.442479769
H0	0	2.67614468	1.759667845	0	1.989894564	0.633468456	2.387923467	0.505149978	0	1.477121255	1.808210973	1.559906625	2.110926242
H2	0	2.741860394	1.178976947	0	2.522704993	0	2.401572846	0	0	1.822168079	1.549003262	0	1.846337112
H5	0	2.778802204	0	0	2.409256652	0.505149978	2.420285885	0.322219295	0	1.120573931	1.322219295	0	1.641474111
H10	0	2.586699802	0	1.041392685	2.376029182	0.633468456	3.469483281	1.155336037	0.633468456	1.40654018	1.385606274	0	2.480006943
H15	0	2.420615771	0	0.886490725	2.45377686	0.633468456	3.423950007	0	1.322219295	1.995196292	1.785329835	1.63748973	2.150142162
H20	0	2.52179165	0	0.633468456	2.468790262	0	3.40444028	0	1.247973266	2.033021445	1.612783857	1.810232518	2.132579848
H42	0.954242509	1.462397998	0	0	1.26245109	0	2.924795996	0.954242509	0.799340549	2.247973266	1.462397998	1.255272505	1.481442629
I0	0	2.381115081	2.062581984	0	2.011570444	0	1.167317335	0.301029996	0	1.701567985	1.491361694	0	1.457881897
I2	0	2.351796307	2.085647288	0	2.237292338	0.113943352	1.307496038	0.230448921	0.301029996	1.610660163	1.491361694	0.86923172	1.630427875
I5	0	2.051923916	1.697229343	0	2.448242413	0.477121255	1.184691431	0.113943352	0	1.860936621	1.238046103	0	1.579783597
I10	1.294466226	2.407050815	2.007320953	0	2.467015818	0.342422681	1.790988475	0.255272505	0.342422681	1.767897616	1.45484486	1.064457989	1.77815125
I15	0	1.85308953	0	0	2.317436497	0	3.160678574	1.068185862	0	1.598790507	1.068185862	1.421603927	1.974511693
I20	0.886490725	1.838849091	0	0.361727836	2.068185862	0	3.249687428	0.799340549	1.012837225	2.026533265	1.812913357	1.715167358	1.672097858
I42	1.583198774	1.462397998	0.977723605	0	1.598790507	0.361727836	2.743744879	0.886490725	0.799340549	2.184691431	1.442479769	1.255272505	1.342422681
J0	0	2.262925469	2.158663981	0	2.476106717	0.255272505	1.130333768	0	0	1.990338855	1.103803721	0	2.070407322
J2	0	2.540079089	2.657724954	0	2.484299839	0.230448921	0.903089987	0.361727836	0	2.077367905	0.84509804	0	1.301029996
J5	0	2.668944734	2.526339277	0	2.497344381	0.477121255	0.698970004	0	0	2.182984967	1.068185862	0	1.204119983
J10	0	2.62910365	2.174350597	0.716003344	2.500099192	0.698970004	0.986771734	0.84509804	0	2.122870923	1.481442629	0	1.431363764
J15	0	2.212986185	1.487138375	0.361727836	2.422097163	0.361727836	1.765668555	0.799340549	0.633468456	1.898725182	1.294466226	0	1.342422681
J20	0	2.100370545	0.977723605	0.361727836	2.178976947	0.361727836	2.464936429	0.633468456	0	1.822168079	1.041392685	1.421603927	2.201397124
J42	0	2.112269768	1.421603927	0.716003344	2.080265627	0	2.385606274	0.230448921	0.698970004	1.904715545	1.212187604	1.677606953	2.132579848
