S.F.	S.D.	S.S.	H.L.	C.A.	C.W.	Ed.	G.E.	I.D.	G.Go.	A.Q.	B.	R.W.R.	C.	R.E.	G.Ga.	O.F.	G.S.	GDP	Em.	P.D.
BAN	7.4	8.1	5.6	6.082717873	1.366	8.715963045	4.87	6.812	8.436648166	3.2784107564	6.373099662	1	9.7077	8.3138593446	2.8572988565	9.6437	1	9.4006220923	1.217543932	6.0653065971	8.5659902991
BDI	3.8	7.2	4.6	3.9663230241	4.852	3.979975897	6.43132	7.27	7.945336025	2.6712505704	4.77	2.4246905107	9.7703	7.2388010189	8.581210524	9.8573	1	1	1	1	8.6859445661
BEN	8.8	7.5	1.3	5.1225490196	3.939	3.724306596	5.78	5.832	5.5432728473	4.4170514288	7.048184762	10	9.95074	6.4904297384	5.624482668	9.491	1	8.115471024	1.0848122486	9.3239382102	8.9696918681
BUR	9.2	7.9	1.7	3.9672897196	3.501	5.052533695	3.85405	6.153	5.3259180101	4.4581613196	6.368	7.1217351557	9.212	5.1140587115	8.581210524	9.8573	1	7.0140056563	1.075391868	7.1892373686	9.0857551507
CAF	6	6.7	3.4	3.8820512821	4.835	4.517288172	4.077047	6	1	2.3818301667	5.396	8.8721614545	9.99537	5.5732401163	8.581210524	9.8573	1	2.8393354621	1	4.4932896412	8.1506096071
CAM	7.5	6.4	3.1	5.6445717403	4.195	9	6.167742	6.464	4.4485806622	3.3031412161	6.439370376	10	9.95413	6.9355889755	7.2071125689	9.7343	1	7.5321410368	1.5366906393	8.4366481257	9.1338277078
CHA	6.1	5.1	1.3	3.4022038567	3.99	4.465324186	4.710597	5.334	4.8190899009	2.225169299	5.396	4.6929084471	9.91465	3.7250211628	8.581210524	9.8573	1	1	1.3239476069	2.417140169	8.9151099456
COD	3.1	4.5	2.4	4.2741935484	2.907	4.787872708	5.38	6	3.4645581033	1.6870256557	6.775362545	4.992895078	9.99515	7.5626887484	9.6277005194	9.9535	1	3.5072326063	1	2.417140169	8.9261957042
ETH	5.9	4.4	2.1	5.2057613169	4.196	4.279328123	5.511383	6.136	8.3527021141	3.0953656228	6.853903195	9.1991939826	9.5444	6.3720361791	9.4667579791	9.9353	1	8.1316341699	1	1.2873490359	8.5162889507
GAM	8.1	8.9	6.8	5.2558275058	1	4.86494639	5.445139	6.763	2.3692775868	3.9400462658	6.368	1	9.91088	5.9731675816	8.581210524	9.8573	1	7.95219158	1.371923067	1.8451953103	2.8184352863
GBS	7.8	6.4	2	3.7718168813	5.015	4.549164798	6.540241	6.2	6.2500226828	2.9352031138	6.368	10	9.94355	6.5560178736	8.581210524	9.8573	1	8.8257556082	1	1.636541368	7.5984509797
GUI	8.4	7.4	1.8	4.650063857	4.725	4.553565237	5.22767	6.2	5.0157606907	2.4531188321	6.368	3.2103531316	9.92832	4.6166625691	8.581210524	9.8573	1	1.4069488074	1	1.636541368	2.2953899122
HAI	4.3	6.9	1.7	5.7704557935	5.052	3.969387674	5.84	7.1	1	2.6916224558	6.770692338	1	9.1447	8.3033449382	7.0509581613	9.7872	1	8.9824868779	1	1	9.8151464997
KEN	6.7	5.9	3.2	4.8725490196	5.208	5.785792632	6.7	6.493	2.2537265554	3.6604923059	5.850818359	5.8639677267	9.1091	7.2033216226	8.066012294	9.7312	1	8.839340062	1.2504398874	1	7.0008658046
KGZ	8.9	9	9.3	6.3345606284	4.867	4.133459807	7.6	7.036	7.8662786107	3.2808966763	3.816893108	3.4708386424	7.941	7.0839029868	3.0565894068	8.6986	1	8.4530301928	1.6301165944	4.5289272124	6.3261494702
LBR	6.8	7.3	1.8	4.9041434756	4.596	4.846	6.32	6.2	4.3604928632	3.5010400169	6.368	1	9.99231	6.1351198446	8.581210524	9.8573	1	1.0944342397	1	6.9073432734	9.7260597423
MAD	7.5	4.6	1.5	5.4393476045	5.007	4.759806015	6.75	6.797	3.1981902182	3.5147717552	4.77	1.2721358866	9.5644	6.3585178404	8.581210524	9.8573	1	6.8293915111	1	7.7105159316	9.9305744174
MAW	7.3	8.3	5.1	4.2593320236	5.007	3.034154526	6.77403	6.85	5.4881163609	4.4682074106	4.77	7.508784453	9.4389	7.58689903	8.581210524	9.8573	1	8.1184900495	1	1	7.9686021108
MLI	8.8	6.4	2.2	3.779342723	3.541	7.863232827	4.827252	5.752	5.1170857779	4.1368290005	6.368	1.2169599442	9.3454	4.1048529416	8.581210524	9.8573	1	8.1057551426	1	1.636541368	9.0132895375
MOZ	6.2	4.7	1.8	3.7674897119	5.022	4.663881065	5.89	7.251	2.3692775868	4.4907909443	5.016587217	7.4034704828	9.96572	7.6615638685	9.5646340955	9.8931	1	7.035336582	1	1.2245642825	8.8423172362
MYA	8.4	8.3	7.6	5.1051524711	3.384	4.572970118	5.74	6.8	1.7204486382	1.5108922642	7.024242694	2.6108978517	9.7155	3.8017484786	7.8401062832	9.8331	1	5	1	6.6898074569	7.7260534511
NEP	8.3	8.9	3.1	5.9701492537	1.801	4.596457148	5.762911	5.888	3.328710837	3.188793274	5.518486068	8.4989613957	9.5344	7.6866056174	8.7830517936	9.8781	1	9.4592758893	1	1	8.7784543544
NIG	8.4	4.9	1	4.1388888889	3.636	4.222699592	3.386967	6.2	7.1892373343	3.6191193878	6.368	3.5346589288	9.2975	1.5030047474	8.581210524	9.8573	1	8.9918836574	1	1.636541368	9.5651811069
PRK	6.5	9.8	8	6.514397267	7.213	4.411298194	5.94982	6.7	6.4403642108	1.7957233786	3.906	1	8.878	8.1513259445	1.1969616737	7.4126	1	5	1.2838515322	3.3621649371	9.0523818122
RWA	6.8	6.5	5.5	3.9667908132	3.997	4.610680628	6.835631	6.8	1.0860910882	4.5003209083	4.77	4.9932455793	9.8421	7.7959445333	8.581210524	9.8573	1	8.1622616218	1	1	9.3888539551
SLE	6.5	5.5	1.3	2.6528384279	4.735	4.898159422	4.67	6.2	4.3604928632	3.6720634837	6.368	2.1486880238	9.96917	6.4265929041	8.581210524	9.8573	3.7978350501	7.6320447835	1	1.636541368	4.6214889567
TAN	6.6	5.3	1	4.3989071038	5.022	8.5	5.66	6.904	5.4881163609	4.3262027068	6.374879115	10	9.4615	6.3006621939	8.9535319173	9.8667	1	8.7567154382	1.10613082	1	7.7164352108
TJK	7.4	6.4	9.4	6.2669683258	4.174	4.508582776	7.17552	6.526	6.9767632607	2.7993188965	3.804318971	2.0684147072	2.516	7.6886921843	5.904348915	9.6029	1	2.7537536117	1.4468461364	8.0251879796	8.6792673036
TOG	7	6.1	1.3	5.2583932854	4.117	4.419754827	6.27	6.2	6.8386140921	3.2254151729	6.996373495	5.5220741306	9.885	6.991843124	8.297848761	9.8052	1	1.3070202559	1	1.636541368	9.0007801383
UGA	7.8	7.2	3.4	3.8562217924	4.934	3.950387729	6.85	7.22	3.3621649371	3.8117548006	4.77	5.1303671796	9.95191	4.9705311609	8.581210524	9.8573	3.3568705234	8.4416017177	1	6.5704683235	9.0983595891
ZIM	7	8	4	3.5498544396	5.246	7.193411975	5.71	6.607	1.6696016967	1.8362324121	3.636452168	10	7.898	6.9428787089	6.8819806504	9.2782	1	1.4146302812	1	1	2.5671321359
ARM	7.9	9.8	9	6.874943156	4.603	5.104475752	7.679023	6.654	7.945336025	4.3857932433	3.41005049	3.9957985942	6.361	6.2671273082	1	8.6936	1	7.9790206283	3.2400588499	1.4956861922	8.6989662533
BHU	6.7	9.6	4.4	5.9308510638	5.644	4.280072892	6.555197	6.3	3.072787386	5.1970730524	5.518486068	10	9.95668	1	4.7631306057	9.5737	1	9.6730006759	3.5808624929	6.7032004604	1.2666081499
BOL	7.3	8.8	2.7	6.4369576314	5.894	8.344258105	8.12	6.862	1	3.8994909512	5.626171354	9.2535632742	9.96744	2.46671676	2.692682595	8.584	1	8.089048498	2.9483703559	5.7694981038	8.8652705435
CGO	8.7	7.1	1.8	4.7512332629	2.822	4.904120102	6.116469	6	2.644772613	2.9762474413	2.700072735	4.8410194857	9.99945	6.8002727101	5.4231570437	9.5892	1	1	2.8474855241	2.417140169	9.4418177496
CIV	8.6	8	2.4	4.7080961417	4.528	5.086809682	3.92	5.773	3.790830381	2.5770882855	7.105438827	10	9.8263	6.6846885642	7.717312754	9.7057	1	7.5780824045	1.1531904579	1.636541368	1
CMR	7.8	7.7	4.9	4.2871485944	3.362	5.286321098	6.353616	6.073	5.5432728473	3.2455275279	5.770185633	4.5005101405	9.9664	6.7238148352	6.745993743	9.7434	1	7.5483325861	1.5614915072	7.4826356044	9.7558255188
EGY	10	9.9	9.5	6.7359187442	8.467	6.237190955	7.123558	5.933	7.6337949434	3.8703262893	4.212979584	3.0418300082	1	6.3195101281	1	7.8107	4.269818552	6.9913990927	3.7731909281	3.541977167	1.7746779136
ESA	9.1	8.8	8.7	6.8905297703	6.093	4.978634234	7.089158	6.567	2.2090997796	4.7977851559	5.190434872	1	9.4546	5.2703439626	5.3939150337	9.0524	1.0333539796	6.5993270715	4.2050279481	5.5838867997	6.6567776024
GEO	9.4	9.8	9.5	7.3772893773	5.614	4.023913886	7.19	6.624	3.2627979462	4.8821546952	5.640935025	1.6945672391	9.7137	6.8166982988	3.8817127301	8.8905	1	5.4201692429	3.2912488202	2.2476497011	8.7930061313
GHA	10	8.6	1.4	5.1471375067	4.062	7.783172508	6.46	6.811	3.1348618088	5.2107472449	5.943392666	6.9785538781	9.8154	4.8988905729	7.0258109548	9.6111	1	8.3286009093	2.0412812248	1.636541368	7.8506405325
GUA	7.8	9.2	7.8	6.7379933428	5.346	5.988068784	7.07	6.229	1	3.7982907769	4.897781157	10	9.7365	5.632650463	6.7041865699	9.2837	1	6.9112678316	3.0874141514	6.6365025014	9.360810182
GUY	9.2	9.4	8.4	5.616398243	6.592	4.279484128	6.919774	7.084	1	4.2716623138	4.492	2.382337086	9.93195	3.8974984126	1.2823643699	5.0414	1	6.0438256031	4.170171256	3.328710837	4.2105272636
HON	8.8	8.7	7.7	7.0717592593	5.406	4.974678157	7.207665	6.945	1	3.7937707679	4.260215698	6.9308933656	9.8755	5.8122434037	4.8599632927	9.0402	1.3037601105	8.4090847685	2.7225744743	6.4403642108	9.1601860175
INA	8.7	8.2	5.4	6.7848350566	5.432	6.219592318	7.556312	6.594	6.3128364551	4.0434165477	3.89265443	3.2108612986	9.4388	6.992867372	3.4470860721	8.2868	1	9.1733227663	2.8864254655	5.1892288016	9.3164749878
IND	8.1	9.2	3.4	6.101924077	1	7.893746215	6.456036	6.19	6.6365025014	4.3780369081	3.893750091	2.4111603482	6.612	8.145301132	2.627791962	8.6116	1.0269154897	9.2832784545	2.3782728509	3.7531109885	2.9409558571
LAO	7.8	6.7	6.3	5.803652968	3.951	8.505482769	6.295739	6.8	6.3128364551	3.0662200536	4.87	8.3089937076	9.8723	5.9197387814	4.7631306057	9.5737	1	6.6596121254	1.7983020764	7.7880078307	5.2286676017
MAR	10	8.3	7	7.0873239437	6.933	6.288058139	6.04	5.804	4.4932896412	4.3621768423	3.157375502	1	5.655	6.8127386467	1	8.5618	1	9.3480309009	3.078845993	4.0656965974	5.905191537
MDA	10	9.6	8.5	6.907978463	6.38	4.882588907	6.899782	7.083	5.4881163609	4.2123608468	4.506827401	1	8.356	5.5808844175	1	8.2842	2.7724609034	8.7381610757	2.2032267	5.1170857779	9.3905465942
MGL	7.3	8.2	5.1	6.4485842027	5.191	4.501221983	8.671394	7.14	6.6365025014	4.4930618654	1.302826008	6.6930941099	9.8531	1	1	5.6921	1	1.2015454843	2.9255741826	7.4081822068	6.6942970549
MTN	9.2	5	2.6	5.2257971014	4.572	4.581468373	5.014971	6.164	4.9164419746	3.1875235555	6.368	1	8.598	1.4460992131	8.581210524	9.8573	1	5.74976296	1.5144450593	1	1
NCA	8.1	8.5	5.2	7.4212454212	5.419	4.234161968	7.01	7.245	1	3.6563080293	4.259129708	10	9.93454	5.9130260916	5.5283547587	9.2291	1.506954961	7.4528893645	2.1099897471	4.5707855961	2.3177760618
NGR	9.4	5.8	3.1	3.7926666667	2.961	4.48243818	5.584845	6.011	3.072787386	2.6519213909	6.256130157	6.2934770897	9.6398	5.7015590162	8.436755709	9.7103	1	9.335441589	1.7512847647	1	9.6027769724
PAK	7.5	9.2	4.8	5.9043927649	1.876	6.256461774	4.37	5.583	7.710515858	2.7419468114	4.116545709	4.9051005451	2.565	8.2799399632	3.7316172129	9.2244	1	8.4490001349	1.8723628369	5.5156256587	4.5825852078
PAR	9	8.6	7.1	7.3928405393	5.53	5.175934445	7.05	6.818	1	3.6795077409	6.228247566	2.722428644	9.98542	1.63125093	10	9.2729	1	8.9810877732	3.2537835063	5.7120906385	9.7335308403
PHL	8.7	9.2	7.4	7.0609636185	5.544	8.932109005	7.875002	7.685	3.8289288598	3.8724646321	3.906065632	2.5169965797	8.297	6.7242433444	3.9800087986	9.1804	1.5409457776	9.1041119675	2.5806209381	4.9534539107	8.198047697
PNG	6.9	4	4.5	6.121805329	5.076	3.955781063	3.7	7.1	1.8268352405	3.6195550576	5.9619667	1	9.9951	3.8566668845	3.6730452701	9.5737	1	5	1.7243286726	8.2695913394	9.4365135678
SEN	8.1	7.2	5.2	5.2545977011	2.765	8.364733727	4.972387	6.573	4.7711391552	4.1401227021	4.860003105	10	9.4276	5.5998919934	4.697447544	9.5597	1	8.884119671	1.327551718	1	8.1821874747
SRI	8	9.1	9.2	7.2090623598	5.18	9.168457173	6.456036	7.212	5.3259180101	4.2575413468	3.645663879	7.4767713915	7.547	6.9411146377	5.6127027009	9.3603	3.4179332596	9.032503251	3.3777234936	6.1262639418	1.5674683075
SUD	7.8	5.8	2.6	5.0830564784	3.868	6.521328144	3.86	6	1.7204486382	1.7386849069	6.705533429	2.0892691646	4.242	4.8605596939	7.0700837826	9.6855	1	3.0029281206	1.8374275556	3.0020190921	2.1666371728
SYR	10	9	9.5	7.208499336	8.083	4.496394312	6.64	5.896	6.6365025014	3.1424455657	2.739410373	1	1.363	7.5345939828	1	7.1753	1	2.5525245595	2.9537689418	4.3171052343	8.7537687766
UKR	10	9.8	9.4	6.8132942326	6.915	2.98318372	9.195026	6.861	9.0483741804	3.8833107497	1.882185481	1.8005737144	7.244	4.9561800879	1	4.1883	1.5097799266	8.1091910912	4.0729086993	4.4060786241	8.5833210792
UZB	8.9	8.7	10	6.5583580613	3.97	3.795485446	7.15	6.9	5.5989836657	2.3770397998	3.058961244	1.1288727084	1	7.5752407642	1	6.441	1	1	2.163773162	9.8019867331	9.8530635486
VIE	8.9	9.5	7.6	7.3908355795	3.098	7.273204238	6.577157	6.732	6.1262639418	3.9156506251	4.382219145	2.2869893903	9.0741	6.8106265784	2.8830890683	8.4994	1	9.0227110502	2.1951371321	6.3679977359	8.4509123962
YEM	7	5.5	5.3	5.7938252224	3.467	4.478	5.466797	4.873	5.4335086907	2.5559630407	2.802521329	1	1	8.1768291788	1	9.0999	1	1.3041838785	1.5910679345	2.3223626587	7.9603670464
ZAM	5.6	6.1	4.8	3.5642135642	5.117	4.17066313	5.9	6.3	1	4.284397594	1	10	9.8346	7.5227488601	9.2190930642	9.8501	1	3.3697390097	1.1662650673	2.4659696394	9.2663885424
ALB	10	9.5	9.4	7.3751633987	10	8.247194106	6.793583	6.748	6.9073433064	4.6670384253	5.754084545	4.2094214547	9.5592	6.3323419299	4.1566585215	8.825	1	6.5666710854	4.2835789485	3.1663676938	4.8620755295
ALG	10	8.3	9.5	7.0572483841	10	5.825302633	7.81	5.991	6.0049557881	3.2628856133	6.171767829	3.1181234658	4.735	6.5585091328	1	7.2209	1	9.4709842641	4.1149824401	3.682106817	9.8329362052
ANG	5.9	5.1	5.8	4.3033063428	4.87	5.183941548	6.540276	6.624	1	2.9674458826	7.22250373	6.029615256	9.95673	7.3453783293	5.8419912543	9.129	1	1	3.4808834923	1	8.9971274686
ARG	10	9.7	9	7.8928095872	10	8.426534672	9.36	7.236	1.3893612176	4.4624232867	6.171862934	2.6270359082	9.601	3.5286006415	1	5.7875	5.244839164	8.5305658109	7.1657414349	4.891921118	7.7425856886
AZE	8.9	8	8.2	6.5846484935	6.321	4.428190108	6.492258	6.577	7.0468808972	3.360328358	2.80471388	3.5747351114	6.525	6.6348032417	1	7.2737	1.0611451132	7.5444241993	5.2037342977	5.4618365245	9.8252295522
BIH	10	9.9	9.5	7.878	5.516	9.346765208	7.604005	7	5.7120906385	4.2340056772	1	1	9.9096	4.7503256647	1.3630728762	4.7058	1	5	4.4408437255	1	8.1808687245
BLR	10	10	9.3	7.0294396961	10	4.42729642	9.04	7.1	8.7809543092	3.0581454592	3.90876278	3.6106290646	9.2521	3.300884319	1	3.1163	1	9.0689585545	6.6075466915	9.4176453358	6.7630394126
BOT	7.5	9.6	6.2	4.9744081894	5.593	4.29023784	6.984209	6.832	1	6.3201119585	1.747969788	10	9.8415	3.6366335126	2.1545718663	7.7074	1	9.1646650281	6.8440032076	4.7236655274	9.6227756915
BRA	9.4	9.8	7.9	7.4368932039	6.915	8.543286723	8.75	6.679	1	5.2884702915	4.607537213	10	9.92947	1.8230218616	4.3884164144	8.0115	1.5697596138	7.8093624153	5.7126459513	5.5046054313	3.2837462955
BUL	9	10	10	7.7725813847	10	8.108544346	7.986536	6.987	5.9727083089	5.4043899724	3.182	4.4262416671	7.127	3.7315819827	1	4.189	1.895604418	8.5746917717	6.2396151407	2.8791211548	9.6299546095
CHN	9	9.1	6.4	7.7424242424	1.97	6.79616424	6.95806	6.866	4.1895154925	3.8422837367	1.815755564	8.0215509591	8.049	6.7162227693	1.1592275478	4.5678	1	9.5638076176	4.5386320454	6.7032004604	9.2776143465
COL	9.1	9.2	7.7	7.7271062271	6.467	5.457954382	8.482216	6.714	1	4.3485627232	6.109781361	10	9.94067	5.4224990505	2.105759463	8.6896	1	7.0865112088	5.2198114179	3.3864598815	8.7326676991
CRC	10	9.7	9.5	8.2104483926	6.486	4.771754227	7.41	7.266	1.480803866	6.2219270638	6.017674778	8.8212011688	9.7616	4.6845736308	5.2435412114	8.5971	1.4303868378	8.4819010685	5.7609157958	4.3648555371	9.0054867421
CUB	10	9.4	9.1	8.2401021711	7.797	8.860013516	9.555305	7.394	2.836540265	3.933207455	1.92620837	2.673730435	8.02	6.3000220591	1.1683332416	7.3328	1	5	5.099264043	6.8386140921	8.7150157031
DOM	7.6	8.6	8.3	7.2390804598	6.66	4.652665818	7.319936	6.682	1.7552040062	4.2044500331	4.081916783	10	8.35	7.4228634525	2.3240301901	8.131	8.8014350692	3.4974163514	4.8799112013	2.3223627473	9.0958152933
ECU	8.5	9.4	9.2	7.376	10	8.344258105	7.997138	7.035	1.4085842092	3.4072150445	4.715783604	10	9.6407	4.181857317	1.1487250698	7.9191	1.9334775179	5.1058935665	4.5814504505	5.4881163609	9.5986960566
GAB	10	8.7	3.3	5.4614121511	5.946	4.211602699	7.578465	6	4.3604928632	3.8492908935	4.511156012	7.2902727424	9.99207	3.9508081938	5.6176267311	8.2389	1	5.9786824134	6.8787576343	1.2245642825	9.5096634188
HUN	10	10	10	7.7718579235	10	7.397413838	8.94	6.642	9.6952173968	6.493221546	4.14436696	2.5712214699	9.4625	3.4726084446	1	5.1054	5.2971666405	8.8221640712	7.5624794497	3.3453960695	1.3928068038
IRI	10	9.6	10	6.918173389	8.078	4.97799859	7.76811	5.894	5.0661699237	2.6499112243	2.764662186	3.4366858296	3.229	7.0495151858	1	3.1192	1	7.5210798167	6.0897822043	2.2150724084	9.7604945404
IRQ	9.2	7.9	7.3	5.6931762396	3.841	4.27379018	6.26783	6.2	8.0251879796	2.147074993	2.145439713	1	1.272	8.4711078908	1	6.7667	1	5	2.4814087065	2.2313016015	1
JAM	10	9.3	8	7.4222222222	6.322	4.616028247	8.267096	7.028	3.1663676938	4.8826126009	2.250742912	3.6682217461	9.3788	6.3669034004	1.5186671993	7.0559	1	7.676637352	4.7849946255	2.7803730045	1
JOR	10	9.7	9.8	7.2098765432	9.351	3	7.521164	6.117	5.8860496968	4.8280756332	2.667577266	1	1	5.354602311	1	6.9199	1	6.2179075077	3.4832275682	2.7527078309	2.6534107904
KAZ	10	9.5	9.7	6.2666666667	6.529	4.342942864	8.960338	7.01	8.0251879796	4.0330648342	3.089	1.2602798114	7.106	6.0098535822	1	1	1	3.6148846636	6.0751510871	5.8274825237	9.8087775227
LBA	10	9.1	9.7	7.3909131804	10	4.939379555	9.27	6	6.4403642108	2.8116470016	4.145864208	1	1	5.4572941462	1	1.8793	1	5	3.4306701475	1	9.9510683917
LIB	10	10	9.8	7.0431154381	10	4.058144522	8.139842	6.083	5.9452054797	3.777890496	2.605627877	1	8.141	4.937017222	1	5.5961	1	5.7236211334	6.7263627231	4.5384479095	1
MAS	10	10	9.6	7.391462307	9.73	5.462812968	7.13	6.525	2.2313016015	5.6416947406	4.148933813	6.8374164572	9.7722	3.7307100208	1	3.4863	1	9.1586653439	6.7370120387	7.2614903707	6.3013456453
MEX	10	9.6	8.5	7.9067982456	6.268	6.142454486	8.090952	6.604	1	4.6009527706	3.261933691	5.9281072712	8.255	4.6557706837	1	6.1501	3.2064439497	8.6376945481	6.5037156301	5.9297680228	7.7950718899
MKD	10	10	8.8	7.7112010796	5.727	5.969461468	7.128961	6.966	3.328710837	4.7889275011	2.042866734	2.4364794787	8.394	5.0249462234	1.4757571584	6.0147	5.5993008281	8.7073488162	5.260015719	1	9.1609500129
MNE	10	9.8	9	7.5292792793	5.826	8.362826977	8.580736	7	7.945336025	5.1263164301	3.383	5.7376210979	9.7459	5.9285196247	3.1806618558	6.6893	1.5903583145	4.0722642092	5.6433269133	3.1663676938	7.5106026313
NAM	8.2	9.3	3.2	5.5348837209	5.406	4.570457038	6.942457	7.177	1	5.606757824	1	7.339199646	9.8309	4.4802944299	1.9741543395	8.5424	1	9.4757277513	4.1275173036	1	9.4548820029
PAN	8.5	9.3	6.9	7.8777041943	6.322	9.223129506	7.83	7.042	1	5.1840858723	4.313604144	5.7458015356	9.96948	3.3040793177	2.2342442591	7.6124	1	8.5659163615	6.3722088137	6.5704681982	8.4643742796
PER	8.4	8.5	7.1	7.8944368445	5.718	8.344258105	8.291533	6.796	1.2003162851	4.522303024	1.38636215	6.540511566	9.899	4.2309796962	2.5168366632	8.5578	2.2333542335	7.7743362016	5.155804348	4.7236655274	9.4635263794
ROU	10	8.8	7.2	7.6044536272	6.064	8.150361007	8.369037	6.812	5.674136688	5.3705637007	2.138986593	3.8768945622	9.6755	4.6364784945	1.6664208832	6.4761	2.8259809411	9.0480578079	5.9245059652	4.8616850357	8.8597116285
RSA	10	9.1	7.9	4.7607843137	6.279	8.417223185	7.99	7.478	1	5.4741248382	1.198703681	3.4391090428	7.504	6.5900523532	1.0674178118	3.062	1	5.9695117272	5.4611120434	1	8.3745979752
SRB	10	9.9	9.2	7.5442779292	5.769	8.362826977	7.851983	7	8.693582354	4.7165622106	3.383	2.9833333394	9.7459	5.606119748	1.3155992721	3.6859	1	4.0722642092	5.3523691605	1	7.1835253367
THA	8.4	9.6	9.6	7.0421768707	4.03	8.266858417	7.19	6.892	4.4043165451	4.3211782942	4.294292041	8.6710679657	8.693	4.9379858266	1.9658199335	6.4056	1	9.2740233489	4.9197767542	9.3426047358	8.0600865835
TKM	9.3	9.1	9.8	5.8617131063	9.757	4.502234549	6.76	6.9	4.4043165451	2.2243775861	1.675205586	1.4931551371	1	4.637023976	1	1	1	9.3813161427	4.3261417976	1	9.6834988393
TUN	10	9.4	8.5	7.7111410602	10	6.301877163	7.8	6.255	4.3171052343	4.6378779587	2.722309479	1	3.872	6.3063444735	1.4172458878	7.9195	3.6051947784	8.5626880214	4.9491624991	1.5107180884	7.9738699077
TUR	10	10	9	7.7573260073	6.482	5.7870108	7.56	5.954	2.8650479686	4.8965040268	3.064571328	1	8.169	5.3907404805	1.1057997914	6.3502	3.2632017916	6.5950240308	6.4803987313	3.720972627	8.3072485759
VEN	9.3	9.1	8.6	7.7115036232	10	4.052190827	8.92	6.861	2.644772613	2.4136282358	3.943383429	10	9.92653	4.3241948491	1	3.6518	1	8.5366487048	5.9511837068	4.4485806622	7.5588031794
AUS	10	10	10	9.0303403034	10	6.174320616	10	7.291	4.4043165451	8.1824705663	1.082750405	6.2337390385	9.5417	1	1	1	5.1979860944	8.2574990191	9.5017923694	6.0049557881	9.4130782206
AUT	10	10	10	8.6816666667	10	9.510685824	9.13	7.165	9.0483741804	8.1264731989	7.035322659	10	9.5296	2.5447620648	2.6806044651	1.7336	9.9272637056	9.0117047347	9.5647144344	6.5704681982	2.2934533129
BEL	10	10	10	8.6968553459	10	6.630324361	9.68	7.531	8.6550299457	7.6730031412	5.370929109	6.5805619916	6.603	1	1	1	5.8990626078	8.9489886868	9.3875139151	4.8553689515	1
CAN	10	10	10	8.8182755776	10	9.311026197	8.95	7.407	6.1262639418	8.2422451072	2.242836296	3.0872330756	9.8416	1	1.7050215453	1	2.2913031985	7.8625865825	9.514501359	4.7392793723	1.055524901
CHI	10	9.6	9.6	8.3779193206	10	5.255118927	8.47	7.03	1	7.354877297	1	6.6349868246	9.877	1.6474607942	2.1986360799	5.9219	1	6.7050281176	7.1046326964	4.9041662208	9.8332089314
CRO	10	9.9	9.9	8.0748568912	6.51	9.249852827	8.180224	7.006	6.1508180731	5.8190221556	3.961673796	4.774695205	9.94019	2.3261477691	1.3261125892	5.6988	3.6178752936	8.8046055724	7.3012654937	2.659358938	7.5486454694
CYP	10	10	10	8.3776932826	10	7.526728093	8.599103	6.567	8.1419486026	7.200655243	2.820443885	2.2689163403	8.16	3.6750703864	1	1.0054	4.5782402743	6.475241691	8.7934418111	4.5955346005	2.3434800951
CZE	10	10	9.8	8.394176445	10	7.447796811	8.48	6.789	9.2154163873	6.8319254628	3.640650677	7.5270937762	8.708	2.0614048382	1	1	9.2842382408	8.7045798988	8.5958498069	5.1170857779	8.0868524106
DEN	10	10	10	8.7280477408	10	7.486712134	9.91	7.778	5.2480062937	8.636966185	6.733498528	2.0376033892	8.925	1	2.0300335455	1.5222	7.833677212	8.8994876182	9.3577138528	5.4183161459	7.419216471
ESP	10	10	10	9.0914709518	10	8.306523947	10	7.58	2.8043072017	6.7813804182	3.376837219	3.8162527863	7.098	2.1591982254	1.1797110077	4.1762	7.6845049049	8.4181259399	8.927916654	1.1488771717	2.8687634763
EST	10	9.8	9.5	7.9688644689	6.305	9.431571741	8.95	6.983	6.9503498021	7.1635916712	1	10	8.598	1	1.5201021316	1	9.5559872102	9.0139962938	7.6987207577	2.8719323417	9.9227473468
FIN	10	10	10	8.727196301	10	8.758333594	10	8.383	9.3057628867	8.7046524353	4.865513857	4.2446439454	9.8515	3.1444841434	2.5340930565	1	8.4196950525	8.4901080286	9.3085850083	4.5955346005	7.0680536947
FRA	10	10	10	8.8785066007	9.953	8.651445739	9.44	7.018	7.7215387523	7.5408749898	5.493823289	8.5507982901	8.502	1.0984156369	1	4.4823	5.3691557759	8.3109322134	9.246463077	3.8003193132	1
GBR	10	10	10	8.7724601175	10	8.161695177	9.01	7.462	6.2411004535	7.7581372929	5.129533179	9.0295343767	9.1184	3.1193405482	1	2.224	6.618754287	6.1059171204	9.3004342866	4.490594476	1.2288938939
GER	10	10	10	8.879245283	10	7.855732977	9.52	7.59	7.717528605	7.8719529449	5.887339869	10	7.903	3.0761459638	1	1	7.7298240997	8.8453053134	9.3954537265	5.4974540936	1.3056268032
GRE	10	10	9.8	8.7875734677	10	7.711127494	9.86	6.916	5.9041885105	5.8175570017	2.346471534	4.9496437086	8.726	2.0176374717	1	2.5467	6.0759308059	2.0419087335	8.5127409464	1.7719578992	1
IRL	10	10	9.9	8.9103375527	10	9.190953789	10	7.83	6.1525757008	7.909697335	4.608474007	1	9.7595433753	1.7697324685	1	1.3619	2.5105287008	6.9342896672	9.476319404	2.3714108965	1
ISL	10	10	10	9.0608302507	10	10	9.59	8.53	8.9807652245	7.838555729	1.103851442	6.5879248128	9.99029	1	8.2483074694	3.9561	1	2.0334843193	9.403490208	4.7582744547	1
ISR	10	10	10	8.9842845327	9.807	5.767923439	9.21	6.926	4.0656965974	6.0355062726	1.772996762	7.53919807	1	4.5737174389	1	1.07	3.4341349227	8.5601401687	8.9562313391	5.6978282473	2.0160814986
ITA	10	10	10	9.0151701517	10	8.21702349	9.08	6.796	6.303131866	6.0345235087	5.807879865	7.9323824991	7.631	2.8868769824	1.060149102	3.4118	8.8749996134	8.1206561399	8.9146061728	4.3313752141	1
JPN	10	10	10	9.3947474747	10	8.78177738	8.915876	6.514	10	7.3834609816	5.958156994	5.4570989007	7.907	5.5403950205	1	1.0265	1	8.7689368171	9.2211936889	6.3451141592	1
KOR	10	9.8	10	8.6492223623	8.903	8.492932299	10	6.281	7.2190475363	6.4400841264	5.369228344	2.5046315563	6.346	4.3589261617	1	1	1.8880780658	9.2912936635	9.0138620242	7.1120113421	8.7737942601
KSA	10	9.1	8.8	7.0564663024	8.632	4.243951747	8.434011	5.753	6.4403642108	4.458476192	1.88142585	10	1	4.8280561305	1	1	1	3.0112451599	8.2669760716	3.6787944117	9.8899448367
KUW	10	9.9	10	8.1976222521	8.527	4.478	8.309492	6.322	6.4403642108	5.3624060931	1	1	1	3.2540017734	1	1	1	8.9698788976	9.559769753	8.1285706232	9.8939332486
LAT	10	9.9	7.8	7.6488262911	6.641	9.054742646	8.238388	7.399	4.1686201968	6.3280937833	7.440637758	8.1919674325	9.8835	1.7637286111	3.5577401478	6.3998	9.0406334112	8.5887718454	6.7591728601	2.0948565804	8.4696715584
LTU	10	10	9.4	7.4628584861	10	8.588255838	9.071496	7.131	3.7079524717	6.4495873104	4.275419578	7.1988824527	9.045	1	1.5358905469	5.9795	7.422252732	8.5685273571	7.4284682341	2.1224797383	8.355002656
LUX	10	10	10	8.8333333333	10	7.02633147	7.55	7.216	8.4413364949	8.4240726168	6.253248096	10	9.8058	1	1	1	5.0863820645	8.4054450585	10	5.4673010928	9.494541744
MLT	10	10	10	8.7422334173	10	2.39304175	8.188855	6.658	8.2224712887	7.4234081436	2.355832666	1	2.871	3.8853056897	1	4.0103	1	5.2541067367	8.4135605148	5.2729242404	2.4748668508
NED	10	10	10	8.8940907199	10	7.318700915	9.94	7.47	8.953627677	8.3030048768	6.771681359	7.5777079544	8.834	1	1	1	4.5069334173	8.8185662759	9.5780716949	6.3762815162	3.2741806273
NOR	10	10	10	8.8938640133	10	9.508231942	9.795191	8.404	9.1097188559	8.391220009	6.602588892	5.4275998903	9.92306	1	3.6068871731	1.9889	7.4881548996	9.0561321455	9.8631583956	7.2036301971	6.8809157096
NZL	10	10	10	8.8485037406	10	9.920329161	10	7.81	4.4485806622	8.5220486703	3.920431492	10	9.8546	1	3.8990044682	2.9604	2.3723647502	8.3074697267	8.6583339802	5.2074229235	8.5357066347
OMA	9.2	8.9	9.9	7.4851801186	8.848	4.418011427	7.54	5.873	6.4403642108	5.5884931983	1.788659293	4.6569318678	1.607	1.9464492331	1	1	1	1.6866683038	8.5375969339	2.2313016015	9.9437085933
POL	10	10	9	7.9075797872	10	8.163446852	8.8	7.038	7.1614618222	6.6149739814	2.535930624	10	8.06	3.5880164922	1	2.0103	5.696376947	8.1022599252	7.6910481811	3.8109751185	5.6821648647
POR	10	9.9	10	8.5604512559	10	7.785518618	9.56	7.144	6.2672879279	6.9107075318	3.773694799	3.0633388021	8.768	2.9620250369	2.3278007703	5.4732	7.6479307404	3.2458938231	8.1510366945	2.7965460244	1
QAT	10	10	10	7.8765034364	10	4.478	5.742254	6.23	1	6.3219752456	3.270159842	1	1	1	1	1	1	5	10	9.6078943915	8.9599717182
RUS	10	9.7	7	6.8296296296	6.915	8.236101028	8.53	7.037	4.2316208232	3.5072953664	1.927745946	4.5964927761	9.8531	3.8410272416	1	1	1	7.3168974469	7.0010549938	5.2204577676	9.8409230607
SLO	10	9.9	10	8.5602205259	6.781	9.298486061	9.42	7.041	9.5839046552	6.8276171787	3.730698818	6.5332309145	9.7044	3.3497965738	1.4840238718	2.5215	7.9196805495	8.8549755244	8.7532755201	4.4561496812	7.2784671623
SUI	10	10	10	9.2125662995	10	8.69179465	8.69246	7.627	7.6014777467	8.4084610793	7.257289851	10	9.5114	4.1505140827	1.9021706055	4.3702	9.4176090549	9.3723864761	9.6196761317	7.3271387587	7.0535684287
SVK	10	10	10	7.9386792453	10	8.918456822	8.01699	6.797	8.5580367078	6.5584255569	3.95194407	10	9.8627	2.0560594181	1	3.5535	8.9483888459	8.570822739	8.143193294	2.6181948532	7.6842720571
SWE	10	10	10	9.0762257932	10	9.617802256	9.277596	8.044	9.0483741804	8.531274581	6.609754388	5.0117628137	9.8497	1	3.3944296079	4.927	9.7032418954	9.0913856222	9.508423444	4.7392793723	8.4999944161
TPE	10	10	10	8.5333333333	10	6.257	9.51	6.7	6.1878339181	6.9449725645	5.085349084	2.4487565552	7.422	2.3666666667	1	1	1	5	9.3866535679	6.4468077963	8.1624173861
TRI	8.9	9.4	9.2	7.0598166908	10	4.630509023	6.409572	7.372	3.790830381	5.2171490854	4.446926167	4.7992807966	9.3969	5.0144865404	1	1	1	1	7.6432299166	5.5989836657	8.9018115157
UAE	10	10	9.8	8.0596491228	8.294	4.478	6.71584	6.454	6.4403642108	5.8219754904	3.252572428	2.3542563064	1	1.755586435	1	1	1	9.4893614814	9.7564640198	6.7032004604	9.6349216498
URU	10	10	10	7.8627580149	7.312	6.343841138	9.05	6.907	3.7531109885	6.6963804965	5.13752486	1	9.7367	1	4.8968759671	8.0796	7.9233572778	7.2821780223	6.628086951	5.4335086907	5.9513780953
USA	10	9.9	10	8.3783204799	10	7.747302495	9.831476	7.412	3.1981902182	7.3836673158	3.040190409	6.8304319319	8.443	2.278411933	1	1	1.4030002336	5.2633122573	9.761923449	4.0860759864	1